1816
1799
1795
1788
1789
1822
1923
2082
2258
2411
2527
2608
2648
2660
2654
2621
2578
2525
2473
2427
2383
2344
2308
2278
2256
2239
2221
2202
2186
2159
2126
2096
2067
2037
2010
1992
1979
1964
1950
1933
1921
1908
1888
1874
1895
1966
2073
2186
2285
2359
2408
2438
2451
2446
2423
2395
2358
2315
2269
2221
2175
2146
2135
2134
2127
2118
2107
2090
2073
2056
2041
2022
2004
1983
1966
1954
1936
1915
1908
1937
2013
2120
2237
2344
2428
2486
2522
2536
2526
2496
2455
2410
2358
2307
2258
2218
2191
2171
2157
2141
2124
2106
2085
2058
2027
1992
1960
1932
1907
1885
1864
1854
1868
1920
2018
2139
2254
2359
2444
2501
2526
2527
2506
2469
2423
2369
2307
2240
2178
2129
2093
2063
2038
2017
1995
1974
1948
1918
1888
1856
1821
1793
1764
1735
1709
1690
1692
1739
1835
1964
2105
2233
2333
2405
2446
2462
2452
2422
2374
2318
2257
2197
2137
2079
2023
1967
1928
1902
1874
1846
1811
1771
1724
1675
1622
1573
1526
1488
1454
1418
1391
1373
1359
1348
1342
1334
1345
1433
1625
1876
2143
2390
2592
2735
2813
2836
2819
2766
2684
2586
2481
2364
2259
2174
2107
2051
2002
1964
1937
1913
1879
1832
1784
1741
1700
1652
1596
1543
1498
1460
1426
1397
1373
1360
1359
1359
1355
1352
1352
1378
1491
1708
1987
2280
2546
2759
2906
2987
3008
2983
2924
2828
2708
2578
2444
2321
2215
2129
2071
2029
1997
1967
1937
1908
1871
1829
1784
1742
1698
1649
1607
1577
1547
1514
1485
1457
1435
1418
1412
1445
1564
1783
2060
2335
2575
2758
2878
2932
2931
2882
2798
2695
2578
2454
2332
2217
2125
2054
2005
1976
1953
1925
1907
1882
1846
1797
1753
1712
1673
1640
1604
1568
1538
1508
1481
1484
1565
1737
1978
2305
2621
2867
3034
3117
3124
3071
2970
2838
2689
2522
2356
2210
2098
2027
1981
1945
1925
1900
1860
1810
1755
1707
1658
1606
1557
1516
1471
1425
1381
1345
1360
1474
1702
2007
2335
2634
2872
3026
3098
3097
3051
2979
2875
2730
2565
2408
2276
2172
2092
2032
1984
1944
1905
1856
1794
1727
1669
1605
1541
1481
1427
1379
1339
1315
1364
1534
1816
2151
2480
2752
2948
3052
3093
3072
2992
2878
2747
2599
2443
2290
2170
2088
2021
1972
1927
1883
1835
1771
1707
1646
1585
1520
1448
1380
1326
1288
1257
1239
1242
1314
1506
1808
2154
2482
2746
2929
3026
3052
3018
2943
2836
2709
2574
2434
2303
2186
2089
2015
1969
1937
1908
1867
1821
1765
1699
1618
1538
1473
1413
1341
1269
1216
1182
1164
1136
1099
1065
1040
1078
1255
1573
1964
2372
2733
3009
3194
3289
3301
3246
3145
3004
2837
2658
2483
2328
2202
2112
2045
1981
1928
1880
1830
1766
1698
1630
1568
1501
1428
1375
1326
1270
1216
1171
1135
1110
1089
1077
1077
1081
1086
1094
1122
1252
1541
1949
2387
2785
3112
3357
3503
3554
3516
3425
3300
3145
2969
2780
2592
2426
2286
2192
2130
2081
2028
1962
1889
1828
1766
1690
1616
1552
1493
1436
1384
1339
1295
1252
1218
1200
1188
1175
1169
1218
1390
1709
2118
2536
2909
3202
3390
3464
3447
3372
3249
3082
2893
2702
2510
2334
2193
2094
2040
2004
1970
1940
1898
1848
1796
1735
1670
1608
1549
1496
1442
1397
1350
1326
1385
1577
1884
2245
2606
2909
3125
3258
3313
3294
3212
3087
2929
2753
2577
2406
2251
2129
2044
1984
1936
1898
1861
1815
1761
1700
1628
1554
1483
1416
1352
1299
1264
1269
1360
1582
1920
2297
2603
2921
3119
3226
3254
3223
3140
3009
2843
2651
2464
2290
2148
2045
1971
1929
1897
1852
1801
1742
1671
1606
1541
1473
1400
1331
1276
1221
1172
1150
1171
1290
1552
1915
2306
2661
2949
3142
3232
3245
3189
3094
2966
2810
2633
2451
2277
2146
2044
1971
1913
1867
1823
1779
1719
1652
1594
1532
1459
1382
1313
1256
1206
1174
1151
1150
1216
1417
1739
2111
2471
2769
2993
3131
3185
3162
3083
2962
2813
2646
2465
2290
2145
2047
1986
1939
1903
1868
1818
1749
1678
1603
1533
1472
1413
1354
1302
1252
1215
1220
1301
1516
1845
2219
2566
2841
3030
3138
3165
3121
3018
2880
2722
2545
2370
2210
2089
2018
1976
1950
1935
1916
1886
1847
1803
1755
1701
1641
1580
1532
1496
1460
1423
1398
1416
1527
1741
2013
2298
2547
2737
2861
2921
2920
2869
2788
2688
2572
2444
2316
2199
2105
2036
1987
1950
1921
1891
1854
1805
1749
1694
1645
1592
1550
1511
1471
1427
1386
1361
1384
1498
1707
1978
2268
2532
2739
2876
2945
2950
2909
2829
2722
2597
2464
2334
2216
2126
2057
2004
1967
1937
1900
1859
1811
1759
1701
1643
1592
1542
1496
1451
1413
1391
1374
1366
1409
1547
1765
2011
2250
2454
2600
2692
2729
2719
2666
2582
2482
2365
2243
2137
2057
2000
1963
1938
1910
1883
1857
1820
1767
1719
1680
1634
1586
1544
1511
1483
1463
1478
1564
1709
1882
2053
2208
2326
2394
2416
2400
2366
2321
2252
2172
2089
2019
1969
1931
1903
1888
1878
1866
1848
1820
1779
1738
1701
1662
1631
1606
1576
1556
1550
1568
1644
1772
1926
2077
2208
2306
2360
2373
2362
2330
2291
2253
2216
2178
2140
2100
2059
2021
1992
1965
1934
1910
1887
1871
1845
1817
1789
1768
1751
1734
1712
1685
1661
1671
1743
1868
2005
2131
2231
2306
2353
2367
2353
2323
2290
2255
2214
2171
2126
2085
2050
2029
2023
2022
2017
2011
1997
1986
1972
1952
1925
1895
1870
1853
1836
1818
1799
1786
1814
1901
2015
2141
2249
2319
2355
2366
2349
2318
2287
2247
2207
2171
2140
2117
2109
2108
2102
2096
2096
2090
2075
2051
2026
2010
1995
1976
1953
1928
1899
1867
1850
1846
1862
1924
2027
2141
2226
2277
2300
2295
2274
2246
2208
2173
2142
2111
2081
2051
2025
2012
2006
2006
2004
2003
2000
1992
1977
1961
1943
1919
1898
1884
1877
1868
1856
1845
1839
1856
1919
2018
2141
2253
2331
2372
2389
2387
2357
2316
2275
2238
2195
2151
2117
2088
2077
2075
2075
2086
2091
2091
2083
2065
2053
2033
1989
1933
1868
1796
1725
1667
1635
1660
1747
1876
2013
2144
2255
2333
2381
2399
2393
2366
2327
2284
2240
2197
2165
2141
2132
2136
2138
2132
2112
2091
2075
2058
2042
2024
2003
1982
1962
1946
1966
2034
2138
2262
2365
2434
2480
2494
2477
2447
2412
2375
2333
2284
2227
2180
2144
2123
2118
2120
2122
2117
2105
2088
2068
2053
2037
2015
2001
1988
1970
1959
1993
2084
2204
2325
2417
2475
2502
2502
2479
2442
2390
2338
2291
2251
2208
2162
2139
2126
2114
2104
2096
2090
2078
2054
2020
1987
1953
1918
1883
1854
1837
1846
1909
2024
2145
2263
2360
2418
2433
2417
2393
2367
2325
2256
2179
2109
2045
2000
1988
1983
1978
1976
1973
1965
1950
1931
1915
1881
1847
1826
1809
1786
1783
1848
1970
2101
2208
2279
2311
2310
2285
2243
2195
2146
2097
2049
2005
1974
1957
1948
1949
1958
1957
1943
1926
1911
1897
1882
1865
1854
1839
1828
1826
1836
1878
1972
2108
2257
2380
2456
2496
2505
2493
2458
2406
2346
2285
2230
2173
2124
2092
2071
2049
2024
1998
1974
1945
1918
1892
1864
1840
1818
1790
1761
1726
1700
1699
1751
1856
1973
2072
2137
2172
2186
2185
2165
2128
2073
2020
1977
1942
1902
1869
1860
1867
1878
1891
1903
1907
1901
1893
1877
1847
1799
1737
1679
1642
1627
1641
1692
1798
1964
2190
2441
2658
2818
2904
2946
2981
3033
3105
3195
3279
3375
3469
3575
3705
3835
3958
4036
4040
3939
3720
3393
2958
2370
1511
264
0
0
0
0
0
0
0
0
0
0
0
0
0
0
1614
3783
4095
4095
4095
4095
4095
4095
4095
4095
4095
4095
4095
4095
4095
4095
4095
3056
2265
2094
2506
3303
4095
4095
4095
4095
4095
4095
4095
4095
4095
4095
4095
4095
4095
4095
4095
4095
4095
4095
4095
4095
4095
4095
4095
4095
4085
3764
3434
3120
2819
2544
2310
2105
1938
1819
1734
1675
1646
1623
1628
1691
1825
1998
2179
2360
2510
2618
2684
2728
2763
2778
2769
2738
2691
2636
2581
2536
2509
2501
2524
2588
2694
2820
2941
3054
3176
3328
3514
3731
3964
4095
4095
4095
4095
4095
4095
4095
4095
4095
4095
4095
4095
4095
4095
4095
4095
4095
4095
3889
3573
3258
2928
2590
2271
1960
1586
1215
833
425
0
0
0
0
0
0
0
0
0
0
0
0
0
0
0
0
0
0
0
0
0
0
0
0
0
0
0
0
0
0
0
0
102
291
455
614
819
1089
1404
1743
2062
2317
2510
2648
2744
2798
2839
2846
2800
2727
2646
2581
2525
2489
2462
2426
2361
2294
2254
2224
2196
2154
2116
2070
2014
1958
1916
1901
1930
2021
2209
2443
2692
2907
3080
3203
3269
3273
3231
3161
3089
2991
2875
2741
2611
2513
2441
2359
2282
2233
2189
2147
2090
2055
2028
2004
1981
1955
1927
1909
1937
2039
2188
2363
2504
2611
2683
2723
2732
2702
2653
2590
2497
2394
2270
2184
2125
2069
2035
2048
2060
2049
2023
1985
1932
1874
1825
1785
1743
1719
1689
1699
1797
1964
2143
2303
2440
2558
2644
2700
2733
2739
2721
2678
2625
2570
2519
2479
2455
2435
2415
2398
2380
2335
2280
2244
2205
2154
2096
2041
1984
1934
1903
1904
1969
2098
2263
2449
2634
2803
2934
3018
3045
3040
3021
2964
2870
2756
2641
2529
2430
2349
2270
2198
2126
2069
2006
1928
1849
1778
1715
1664
1611
1563
1514
1478
1455
1451
1513
1655
1860
2099
2320
2490
2613
2680
2693
2671
2635
2588
2524
2446
2364
2280
2208
2154
2111
2071
2013
1940
1863
1800
1745
1693
1639
1596
1563
1514
1458
1409
1373
1386
1473
1624
1840
2075
2285
2446
2561
2635
2670
2664
2629
2564
2468
2353
2236
2144
2066
1990
1931
1878
1835
1803
1764
1716
1665
1608
1541
1469
1410
1358
1303
1249
1208
1203
1278
1455
1690
1953
2203
2406
2540
2616
2641
2624
2571
2498
2409
2304
2199
2101
2020
1964
1938
1916
1888
1856
1810
1756
1701
1655
1618
1560
1500
1451
1413
1399
1468
1621
1846
2091
2335
2543
2689
2788
2835
2829
2774
2690
2585
2460
2331
2215
2118
2044
1985
1930
1879
1825
1769
1710
1650
1591
1543
1489
1443
1390
1331
1300
1335
1484
1709
1971
2238
2479
2661
2774
2825
2829
2796
2729
2628
2503
2373
2250
2138
2050
1984
1928
1868
1811
1748
1676
1613
1548
1481
1419
1366
1323
1274
1238
1269
1411
1649
1930
2225
2476
2641
2734
2766
2744
2665
2545
2385
2219
2063
1931
1819
1721
1638
1574
1531
1503
1469
1433
1400
1346
1285
1229
1154
1070
988
934
961
1094
1393
1724
2055
2304
2543
2675
2741
2743
2698
2610
2481
2329
2186
2084
2021
1984
1963
1950
1949
1966
2000
2024
2054
2093
2126
2150
2196
2286
2433
2613
2793
2931
3000
2981
2899
2784
2646
2494
2338
2189
2059
1943
1844
1771
1749
1753
1758
1769
1779
1786
1785
1766
1730
1693
1656
1651
1706
1834
2019
2220
2395
2535
2629
2670
2666
2620
2529
2413
2288
2176
2084
2000
1935
1879
1839
1815
1791
1764
1735
1689
1631
1566
1504
1445
1405
1401
1469
1603
1764
1904
2023
2111
2153
2149
2104
2031
1948
1856
1766
1694
1645
1614
1600
1576
1538
1496
1468
1450
1429
1393
1348
1303
1261
1228
1204
1224
1318
1464
1615
1741
1839
1921
1970
1978
1953
1901
1840
1773
1704
1658
1631
1619
1619
1621
1626
1625
1620
1611
1605
1595
1583
1564
1535
1514
1508
1529
1603
1713
1826
1935
2023
2083
2119
2128
2083
2006
1906
1804
1710
1629
1565
1517
1503
1495
1475
1423
1363
1320
1297
1286
1278
1271
1258
1243
1218
1206
1229
1288
1358
1412
1446
1467
1477
1496
1524
1521
1482
1426
1376
1344
1341
1370
1419
1486
1554
1621
1668
1710
1769
1839
1923
2000
2069
2144
2216
2279
2322
2396
2510
2622
2711
2758
2753
2686
2599
2527
2448
2364
2272
2179
2097
2037
2006
1992
1983
1969
1957
1929
1915
1915
1908
1909
1913
1939
1983
2037
2111
2223
2349
2471
2560
2611
2637
2643
2606
2520
2408
2312
2240
2174
2119
2102
2077
2011
1915
1818
1755
1734
1736
1764
1818
1888
1943
1981
2013
2056
2172
2340
2536
2707
2816
2853
2825
2760
2671
2573
2482
2391
2315
2247
2175
2132
2125
2158
2216
2235
2226
2214
2226
2237
2231
2233
2238
2240
2242
2298
2420
2567
2692
2783
2842
2872
2858
2816
2749
2644
2520
2405
2300
2209
2133
2070
2023
1999
1986
2009
2046
2093
2123
2156
2207
2247
2277
2336
2443
2588
2755
2912
3035
3126
3166
3150
3082
2982
2842
2665
2504
2364
2261
2191
2139
2114
2107
2098
2111
2140
2168
2188
2214
2247
2282
2314
2345
2462
2646
2839
2987
3078
3113
3080
2998
2891
2758
2609
2462
2319
2193
2056
1936
1850
1799
1764
1759
1776
1815
1859
1894
1927
1957
1978
1993
2020
2097
2245
2420
2566
2662
2707
2718
2709
2660
2573
2454
2328
2217
2111
2018
1936
1887
1866
1857
1848
1839
1820
1822
1838
1839
1825
1831
1843
1852
1892
1944
2039
2193
2354
2492
2574
2608
2602
2574
2531
2466
2392
2317
2251
2189
2149
2116
2104
2091
2069
2039
1995
1965
1969
1983
2006
2035
2074
2121
2226
2389
2588
2783
2923
3007
3050
3038
2982
2902
2823
2720
2613
2518
2434
2357
2280
2219
2165
2100
2048
2020
2000
1982
1950
1962
2090
2368
2692
3106
3428
3686
3858
3952
3958
3900
3796
3660
3492
3312
3118
2938
2790
2640
2510
2410
2302
2216
2174
2164
2140
2108
2124
2270
2546
2896
3256
3598
3894
4095
4095
4095
4095
4095
4095
3970
3790
3600
3380
3160
2986
2842
2718
2620
2536
2462
2390
2282
2172
2142
2240
2436
2710
3048
3388
3666
3852
3954
3994
3970
3898
3764
3572
3352
3116
2886
2682
2510
2364
2218
2080
1960
1848
1764
1676
1586
1578
1704
1948
2260
2574
2862
3104
3272
3352
3360
3306
3186
3016
2822
2620
2380
2156
1984
1828
1694
1580
1478
1368
1242
1116
1004
954
1018
1206
1478
1808
2146
2444
2660
2790
2840
2810
2712
2556
2354
2138
1932
1750
1598
1464
1356
1254
1158
1054
970
900
820
756
752
866
1098
1416
1770
2098
2344
2492
2546
2538
2496
2394
2234
2050
1862
1672
1484
1328
1224
1150
1090
1034
976
904
832
768
720
730
864
1136
1490
1856
2172
2426
2582
2660
2654
2566
2426
2248
2050
1848
1666
1516
1392
1292
1222
1150
1064
988
912
830
764
706
652
578
490
418
380
466
712
1110
1612
2142
2608
2966
3200
3312
3302
3218
3082
2904
2690
2490
2302
2114
1962
1846
1754
1676
1600
1506
1394
1298
1194
1084
964
864
786
712
640
550
438
358
306
264
226
224
230
232
232
242
316
554
1008
1596
2072
2834
3340
3714
3922
3974
3930
3822
3648
3404
3152
2918
2704
2508
2324
2162
2020
1914
1808
1712
1628
1532
1434
1322
1206
1072
950
846
768
704
662
608
536
486
462
436
426
454
552
766
1146
1642
2160
2602
2968
3236
3393
3449
3421
3332
3201
3035
2851
2686
2538
2384
2245
2137
2055
1983
1916
1832
1748
1673
1607
1533
1440
1344
1278
1211
1153
1097
1036
982
947
921
901
875
879
984
1237
1594
2023
2476
2870
3176
3371
3481
3516
3490
3397
3246
3084
2940
2751
2597
2464
2343
2230
2128
2042
1964
1885
1804
1722
1631
1523
1419
1328
1258
1201
1148
1080
1029
991
957
922
887
865
924
1131
1481
1937
2443
2902
3262
3532
3701
3756
3729
3630
3483
3294
3077
2860
2653
2492
2368
2249
2140
2046
1964
1895
1831
1755
1675
1586
1481
1391
1309
1225
1162
1097
1031
975
929
891
873
877
900
989
1234
1628
2107
2616
3078
3449
3700
3824
3854
3815
3731
3582
3385
3171
2958
2751
2553
2396
2270
2174
2105
2043
1990
1925
1856
1784
1705
1630
1556
1480
1418
1369
1316
1270
1230
1200
1190
1173
1154
1173
1289
1540
1899
2301
2680
2999
3235
3384
3450
3450
3391
3289
3168
3024
2859
2689
2534
2401
2289
2194
2091
1993
1905
1818
1720
1623
1541
1478
1426
1386
1340
1281
1219
1160
1110
1063
1001
933
866
841
950
1220
1590
2013
2463
2913
3299
3571
3726
3783
3753
3610
3383
3133
2883
2631
2398
2201
2041
1901
1781
1688
1616
1553
1486
1439
1394
1351
1313
1285
1260
1243
1225
1200
1168
1143
1130
1123
1164
1309
1581
1945
2345
2730
3055
3289
3438
3496
3484
3426
3326
3194
3038
2876
2731
2593
2476
2376
2288
2209
2134
2055
1974
1894
1814
1729
1634
1548
1468
1389
1320
1269
1234
1205
1220
1334
1575
1901
2226
2514
2761
2953
3079
3141
3139
3093
3021
2920
2796
2673
2559
2458
2380
2317
2272
2239
2201
2162
2123
2072
1996
1906
1826
1754
1686
1624
1557
1482
1414
1356
1329
1381
1538
1777
2048
2316
2546
2724
2841
2894
2886
2836
2745
2631
2514
2392
2262
2156
2074
2005
1953
1914
1876
1844
1816
1787
1756
1703
1621
1477
1263
1010
777
577
394
215
58
0
0
0
74
399
805
1222
1605
1934
2196
2380
2501
2560
2558
2514
2457
2394
2332
2282
2252
2240
2229
2222
2217
2202
2179
2143
2097
2050
1997
1944
1892
1837
1781
1736
1693
1651
1601
1557
1581
1729
2004
2346
2701
3024
3280
3456
3549
3557
3500
3402
3277
3128
2962
2793
2638
2506
2406
2335
2270
2204
2149
2088
2024
1967
1909
1844
1781
1724
1670
1619
1574
1532
1496
1467
1431
1393
1377
1418
1559
1793
2073
2361
2615
2810
2936
2995
3001
2966
2897
2798
2682
2560
2444
2342
2260
2192
2135
2087
2044
2007
1972
1931
1889
1847
1806
1761
1719
1674
1631
1595
1568
1558
1607
1753
1976
2233
2472
2671
2814
2893
2927
2921
2879
2809
2717
2607
2498
2400
2318
2255
2211
2171
2132
2095
2057
2015
1970
1918
1859
1800
1739
1688
1641
1595
1560
1539
1550
1634
1809
2036
2280
2513
2705
2843
2928
2963
2955
2906
2832
2741
2637
2532
2429
2328
2238
2164
2103
2059
2030
1997
1956
1901
1832
1762
1703
1649
1598
1549
1503
1466
1434
1415
1403
1400
1394
1385
1380
1386
1397
1430
1531
1724
1992
2209
2394
2540
2637
2696
2720
2716
2690
2644
2583
2513
2438
2366
2306
2252
2203
2157
2114
2073
2034
1997
1959
1920
1889
1856
1820
1785
1752
1724
1696
1677
1662
1648
1638
1629
1624
1619
1614
1609
1616
1664
1765
1903
2048
2180
2285
2355
2390
2401
2395
2372
2334
2285
2230
2178
2130
2088
2050
2016
1989
1967
1946
1926
1908
1887
1866
1845
1823
1800
1780
1759
1742
1730
1721
1730
1772
1845
1932
2021
2100
2159
2197
2218
2217
2206
2190
2167
2139
2110
2075
2051
2037
2028
2025
2019
2010
1994
1973
1954
1938
1921
1903
1888
1878
1866
1854
1862
1906
1980
2067
2148
2215
2258
2280
2290
2293
2288
2273
2252
2219
2184
2150
2120
2100
2087
2079
2072
2059
2040
2022
2007
1997
1989
1977
1961
1941
1920
1906
1902
1922
1972
2043
2121
2190
2244
2278
2291
2293
2288
2279
2268
2249
2227
2202
2174
2151
2133
2112
2093
2069
2040
2006
1968
1928
1890
1859
1828
1793
1765
1748
1742
1734
1725
1718
1717
1722
1724
1730
1739
1744
1754
1772
1796
1816
1828
1837
1845
1856
1869
1900
1977
2100
2238
2366
2475
2560
2619
2649
2652
2646
2629
2598
2558
2514
2470
2427
2393
2367
2341
2310
2282
2257
2231
2202
2170
2141
2111
2075
2040
2008
1985
1965
1947
1933
1918
1903
1888
1872
1856
1848
1863
1922
2018
2135
2250
2348
2421
2471
2496
2503
2494
2471
2437
2398
2356
2314
2272
2236
2208
2185
2166
2146
2120
2093
2060
2029
2000
1970
1944
1921
1900
1880
1859
1838
1812
1785
1759
1755
1795
1878
1988
2138
2297
2415
2485
2521
2537
2528
2500
2444
2378
2311
2249
2192
2149
2111
2078
2056
2036
2010
1985
1961
1922
1873
1826
1791
1763
1733
1707
1673
1643
1639
1691
1804
1963
2142
2311
2450
2549
2606
2630
2630
2612
2570
2511
2444
2378
2320
2270
2225
2189
2159
2126
2085
2050
2006
1949
1890
1837
1787
1743
1714
1695
1677
1657
1646
1674
1763
1914
2104
2303
2469
2588
2660
2695
2696
2675
2635
2576
2501
2419
2336
2257
2184
2129
2084
2045
2003
1959
1917
1877
1832
1783
1733
1688
1646
1605
1570
1541
1511
1486
1488
1544
1661
1835
2029
2215
2369
2471
2531
2560
2564
2542
2496
2430
2354
2277
2210
2144
2080
2030
1991
1958
1922
1888
1854
1811
1759
1699
1642
1590
1552
1522
1496
1469
1445
1429
1417
1406
1397
1384
1376
1369
1359
1356
1365
1374
1379
1389
1424
1538
1746
2010
2362
2685
2942
3133
3235
3253
3220
3149
3053
2932
2791
2654
2527
2424
2342
2263
2197
2142
2090
2032
1968
1900
1832
1754
1665
1591
1537
1496
1457
1426
1395
1362
1322
1286
1258
1238
1227
1231
1285
1445
1721
2061
2408
2712
2940
3091
3167
3165
3098
2996
2876
2745
2614
2481
2354
2247
2169
2107
2058
2012
1967
1921
1873
1818
1749
1673
1598
1522
1454
1405
1369
1343
1317
1286
1265
1302
1461
1721
2020
2306
2545
2725
2822
2859
2850
2806
2732
2628
2506
2384
2275
2187
2118
2070
2028
1981
1932
1889
1843
1795
1740
1680
1617
1554
1497
1453
1429
1410
1386
1365
1353
1357
1421
1592
1839
2108
2364
2579
2737
2826
2863
2859
2831
2774
2688
2581
2472
2371
2288
2226
2179
2131
2082
2039
1989
1935
1869
1786
1701
1629
1574
1521
1468
1429
1395
1365
1338
1315
1294
1310
1424
1656
1971
2318
2633
2883
3074
3186
3228
3213
3149
3054
2939
2801
2663
2548
2455
2366
2286
2231
2181
2129
2070
2001
1929
1855
1773
1696
1620
1554
1484
1424
1371
1320
1278
1250
1236
1225
1208
1201
1255
1428
1716
2079
2461
2809
3081
3264
3359
3394
3374
3304
3203
3076
2918
2745
2589
2461
2366
2284
2214
2148
2085
2035
1978
1910
1839
1759
1674
1586
1498
1424
1364
1303
1255
1225
1196
1171
1155
1175
1308
1596
1999
2424
2788
3074
3264
3371
3404
3373
3298
3189
3046
2884
2716
2556
2421
2318
2228
2149
2075
2006
1944
1881
1815
1731
1641
1549
1455
1378
1304
1236
1191
1161
1123
1084
1064
1146
1378
1735
2145
2538
2871
3116
3269
3340
3328
3243
3100
2938
2766
2579
2404
2250
2129
2050
1990
1936
1881
1834
1778
1700
1616
1530
1448
1368
1300
1244
1191
1138
1099
1109
1240
1534
1930
2335
2695
2965
3141
3220
3210
3130
3015
2873
2719
2554
2400
2270
2179
2114
2063
2026
1999
1964
1914
1838
1743
1634
1516
1408
1315
1229
1140
1075
1079
1216
1515
1918
2350
2733
3030
3219
3305
3324
3283
3199
3078
2911
2725
2540
2380
2246
2136
2046
1969
1901
1839
1781
1714
1629
1540
1449
1359
1284
1215
1146
1089
1073
1173
1425
1789
2201
2606
2941
3160
3273
3300
3265
3183
3080
2938
2768
2578
2391
2241
2129
2040
1968
1898
1835
1775
1718
1653
1573
1483
1386
1295
1213
1135
1075
1031
984
938
903
880
858
849
843
836
838
840
880
1065
1450
1979
2540
3050
3464
3741
3894
3934
3880
3755
3589
3411
3218
3009
2799
2618
2470
2353
2249
2156
2075
1990
1903
1813
1724
1616
1505
1401
1304
1230
1169
1119
1065
1015
984
965
948
945
949
946
943
995
1201
1599
2108
2651
3134
3503
3740
3854
3869
3809
3678
3495
3289
3070
2843
2631
2448
2305
2193
2103
2031
1961
1878
1779
1681
1594
1501
1394
1301
1228
1159
1093
1038
1004
983
956
928
964
1171
1556
2038
2536
2971
3301
3509
3595
3581
3485
3328
3124
2893
2654
2425
2234
2089
1983
1915
1863
1816
1768
1710
1635
1553
1469
1388
1308
1224
1156
1098
1040
1000
1018
1165
1484
1920
2400
2840
3170
3389
3500
3518
3464
3351
3185
2988
2768
2554
2391
2241
2154
2090
2039
1990
1924
1840
1749
1666
1590
1489
1380
1290
1216
1165
1153
1240
1486
1881
2328
2755
3101
3329
3439
3463
3413
3316
3175
3000
2811
2619
2438
2295
2193
2103
2029
1958
1883
1800
1718
1626
1533
1445
1364
1278
1208
1145
1104
1155
1363
1723
2168
2596
2956
3206
3334
3351
3299
3201
3074
2915
2730
2533
2346
2198
2093
2015
1948
1885
1819
1746
1660
1568
1470
1376
1280
1185
1105
1051
1016
969
913
904
1043
1353
1784
2254
2684
3010
3216
3318
3329
3255
3144
3003
2824
2623
2426
2266
2146
2045
1963
1894
1843
1783
1710
1619
1518
1418
1330
1239
1149
1069
1003
950
909
873
841
814
794
814
949
1270
1749
2289
2778
3165
3439
3590
3621
3566
3443
3281
3093
2886
2686
2488
2315
2178
2076
2021
1982
1931
1868
1799
1726
1650
1564
1476
1410
1353
1302
1250
1206
1184
1170
1153
1135
1116
1108
1172
1384
1742
2164
2571
2924
3185
3338
3390
3363
3277
3153
3002
2834
2665
2507
2364
2254
2173
2106
2047
1988
1932
1866
1800
1733
1647
1554
1467
1393
1341
1303
1254
1220
1188
1162
1152
1166
1271
1526
1901
2309
2688
2996
3210
3325
3354
3306
3208
3078
2927
2748
2570
2411
2278
2180
2106
2043
1987
1934
1875
1822
1762
1685
1601
1526
1453
1381
1313
1260
1220
1189
1169
1168
1232
1434
1773
2170
2557
2840
3109
3251
3304
3288
3211
3092
2941
2772
2601
2443
2305
2193
2107
2040
1981
1922
1857
1792
1720
1650
1574
1493
1414
1340
1282
1243
1207
1175
1147
1126
1112
1143
1291
1583
1965
2294
2582
2812
2966
3041
3047
3002
2924
2837
2705
2570
2435
2315
2215
2133
2072
2028
1988
1943
1894
1845
1795
1745
1700
1649
1590
1538
1496
1460
1427
1400
1377
1367
1413
1559
1808
2114
2408
2654
2841
2957
2999
2980
2920
2831
2717
2590
2460
2340
2240
2155
2083
2018
1968
1934
1901
1861
1814
1763
1706
1644
1592
1539
1498
1465
1435
1397
1365
1356
1400
1553
1808
2111
2402
2643
2816
2918
2952
2931
2875
2796
2690
2560
2428
2309
2205
2112
2032
1971
1925
1893
1859
1812
1763
1709
1652
1595
1544
1499
1459
1422
1389
1365
1352
1389
1533
1773
2055
2335
2573
2745
2843
2874
2861
2808
2717
2600
2470
2332
2207
2108
2033
1977
1938
1914
1894
1870
1835
1796
1755
1706
1652
1603
1560
1523
1485
1454
1457
1553
1758
2032
2315
2561
2741
2858
2912
2912
2864
2786
2684
2569
2446
2318
2208
2123
2063
2027
2002
1978
1943
1896
1844
1790
1737
1681
1634
1592
1553
1523
1493
1466
1470
1546
1722
1977
2264
2530
2735
2865
2933
2943
2903
2831
2729
2608
2477
2356
2248
2158
2091
2036
1993
1960
1928
1895
1848
1789
1726
1670
1616
1568
1519
1473
1437
1406
1382
1370
1361
1358
1367
1433
1602
1868
2178
2471
2714
2888
2987
3022
3005
2947
2865
2763
2645
2520
2396
2290
2199
2126
2069
2027
1988
1949
1904
1852
1796
1734
1669
1607
1553
1511
1478
1444
1403
1373
1349
1335
1328
1318
1313
1313
1312
1313
1316
1315
1325
1365
1484
1733
2074
2442
2778
3047
3230
3332
3359
3330
3257
3150
3020
2876
2728
2589
2469
2360
2273
2207
2145
2090
2036
1987
1933
1869
1805
1740
1676
1616
1563
1517
1476
1443
1412
1395
1388
1422
1559
1800
2102
2416
2689
2886
3009
3065
3062
3017
2940
2832
2711
2582
2448
2327
2228
2150
2087
2030
1982
1934
1886
1842
1794
1748
1700
1649
1595
1544
1498
1457
1424
1410
1468
1638
1891
2182
2455
2668
2814
2896
2903
2858
2780
2685
2573
2450
2323
2203
2105
2036
1985
1949
1916
1877
1826
1775
1731
1685
1640
1590
1547
1505
1472
1451
1475
1585
1794
2062
2344
2567
2786
2894
2924
2901
2847
2758
2645
2516
2380
2255
2151
2074
2017
1980
1947
1916
1895
1867
1841
1816
1789
1770
1775
1823
1907
2012
2149
2339
2570
2811
3030
3202
3317
3368
3360
3295
3179
3035
2879
2717
2564
2424
2297
2180
2082
1991
1907
1834
1769
1711
1657
1607
1553
1500
1447
1402
1368
1361
1415
1565
1781
2026
2270
2468
2594
2660
2673
2657
2615
2556
2489
2399
2292
2192
2097
2008
1931
1868
1823
1784
1748
1707
1662
1601
1532
1469
1418
1364
1304
1250
1245
1325
1490
1700
1910
2084
2210
2294
2333
2330
2300
2260
2204
2135
2056
1986
1916
1880
1849
1816
1775
1726
1679
1632
1583
1532
1481
1439
1398
1361
1328
1298
1268
1255
1280
1371
1527
1712
1888
2036
2153
2231
2267
2270
2243
2198
2142
2081
2015
1950
1906
1875
1850
1822
1793
1762
1733
1708
1673
1634
1601
1568
1535
1511
1493
1481
1480
1489
1532
1616
1724
1830
1921
1994
2053
2096
2122
2136
2135
2122
2097
2060
2021
1985
1963
1952
1946
1938
1925
1907
1893
1877
1859
1838
1821
1814
1808
1802
1796
1787
1780
1772
1760
1749
1748
1738
1719
1703
1692
1680
1673
1669
1663
1661
1668
1679
1691
1697
1701
1733
1819
1946
2088
2222
2329
2395
2426
2429
2411
2384
2354
2318
2279
2241
2208
2180
2165
2156
2145
2131
2114
2105
2090
2081
2074
2063
2058
2048
2039
2027
2010
1994
1979
1970
1963
1956
1951
1940
1931
1932
1946
1991
2071
2166
2252
2320
2368
2394
2399
2387
2369
2344
2309
2270
2236
2205
2178
2160
2142
2123
2113
2111
2108
2102
2096
2090
2078
2065
2054
2042
2026
2012
2003
1997
1994
1985
1981
1979
2002
2066
2152
2239
2312
2361
2379
2369
2344
2311
2272
2234
2196
2165
2143
2121
2109
2108
2105
2098
2093
2093
2093
2084
2081
2074
2052
2031
2021
2018
2022
2017
2009
2030
2081
2147
2219
2279
2321
2348
2354
2345
2322
2285
2238
2198
2163
2131
2102
2081
2073
2072
2065
2054
2054
2054
2052
2050
2030
2003
1995
2006
2012
2010
2000
2007
2061
2166
2281
2383
2461
2507
2526
2526
2508
2489
2481
2464
2443
2418
2378
2339
2313
2300
2291
2287
2273
2260
2252
2244
2230
2205
2177
2152
2140
2129
2119
2112
2106
2138
2218
2333
2461
2571
2650
2708
2749
2776
2792
2797
2788
2754
2710
2664
2617
2576
2546
2515
2488
2468
2450
2423
2386
2349
2316
2274
2230
2183
2131
2080
2039
2007
1974
1960
1999
2111
2266
2418
2549
2652
2725
2776
2797
2792
2771
2739
2693
2627
2561
2502
2450
2408
2373
2329
2276
2225
2173
2124
2066
2005
1948
1900
1864
1834
1803
1770
1735
1703
1674
1650
1630
1640
1718
1855
2020
2194
2351
2471
2553
2603
2618
2615
2594
2554
2489
2408
2323
2250
2194
2149
2109
2074
2035
1994
1948
1900
1854
1795
1728
1668
1620
1566
1516
1470
1420
1374
1344
1319
1304
1326
1421
1599
1830
2066
2285
2468
2600
2676
2710
2695
2631
2551
2459
2365
2268
2178
2100
2053
2006
1954
1914
1880
1844
1805
1758
1701
1643
1584
1535
1493
1449
1409
1369
1340
1366
1468
1643
1873
2125
2351
2528
2639
2690
2701
2681
2648
2590
2503
2389
2276
2179
2101
2054
2019
1983
1943
1904
1853
1805
1755
1691
1634
1588
1544
1508
1473
1444
1430
1481
1634
1868
2125
2363
2553
2686
2774
2800
2778
2725
2660
2574
2471
2363
2249
2163
2099
2039
2001
1974
1935
1880
1815
1750
1691
1625
1549
1486
1434
1390
1354
1318
1318
1418
1613
1878
2166
2443
2663
2824
2920
2949
2926
2848
2738
2618
2493
2379
2286
2196
2125
2078
2021
1937
1845
1747
1654
1572
1482
1381
1288
1216
1157
1104
1050
989
935
900
950
1155
1491
1911
2338
2706
2972
3143
3227
3224
3155
3052
2924
2756
2578
2431
2307
2200
2132
2074
2002
1943
1880
1778
1657
1545
1456
1374
1295
1218
1146
1087
1029
975
968
1055
1300
1636
2020
2392
2725
2980
3145
3215
3189
3105
2977
2819
2651
2490
2331
2200
2107
2023
1936
1867
1806
1743
1677
1591
1479
1362
1258
1173
1080
999
947
917
891
851
831
907
1146
1542
2021
2496
2898
3192
3351
3385
3353
3267
3145
2966
2749
2527
2350
2216
2125
2035
1923
1818
1719
1621
1510
1398
1286
1174
1076
989
901
838
791
751
725
691
721
898
1234
1664
2128
2555
2902
3141
3267
3281
3210
3091
2940
2746
2515
2284
2086
1934
1836
1782
1748
1719
1673
1615
1552
1503
1477
1430
1363
1307
1264
1206
1185
1278
1521
1899
2335
2767
3122
3364
3479
3504
3455
3332
3183
3017
2860
2735
2650
2576
2489
2373
2231
2095
1932
1771
1643
1542
1439
1334
1239
1157
1076
1052
1164
1433
1815
2228
2604
2910
3120
3241
3259
3201
3089
2940
2770
2611
2454
2303
2175
2074
1993
1929
1895
1920
1990
2088
2195
2282
2352
2392
2378
2329
2289
2343
2496
2720
2958
3175
3304
3327
3248
3092
2881
2611
2303
2013
1754
1535
1372
1244
1139
1068
1033
1013
985
936
875
796
697
595
509
434
401
443
627
931
1286
1610
1894
2116
2263
2324
2301
2223
2107
1950
1789
1638
1542
1491
1435
1374
1309
1243
1153
1048
938
830
716
599
502
425
348
294
324
483
744
1043
1314
1509
1636
1731
1769
1766
1750
1705
1642
1570
1498
1451
1425
1435
1468
1502
1528
1547
1559
1552
1523
1472
1426
1386
1349
1330
1334
1419
1605
1848
2084
2263
2368
2419
2417
2371
2291
2182
2055
1897
1755
1654
1587
1558
1573
1605
1633
1661
1682
1687
1705
1705
1689
1677
1666
1649
1636
1666
1790
1995
2189
2429
2583
2658
2667
2637
2566
2454
2322
2193
2055
1936
1864
1846
1873
1915
1964
2014
2049
2062
2046
2021
1995
1958
1916
1876
1860
1866
1916
2079
2317
2553
2741
2867
2930
2917
2833
2723
2601
2440
2259
2084
1932
1852
1841
1871
1923
1978
2027
2067
2083
2067
2041
2016
1995
1957
1936
1936
1950
2055
2272
2529
2751
2902
2977
2994
2954
2860
2702
2520
2343
2163
1993
1857
1794
1804
1852
1899
1950
1999
2039
2070
2076
2056
2028
2000
1988
1971
1985
2102
2329
2597
2807
2961
3057
3087
3057
2966
2825
2648
2461
2275
2086
1939
1857
1841
1866
1911
1957
2007
2039
2044
2049
2039
2007
2000
2006
2020
2072
2203
2412
2672
2909
3066
3148
3147
3073
2963
2832
2657
2455
2249
2065
1941
1862
1829
1834
1864
1901
1932
1967
2000
2027
2046
2058
2058
2020
1960
1985
2140
2373
2611
2816
2973
3073
3091
3029
2921
2769
2590
2399
2230
2079
1951
1857
1790
1761
1775
1799
1810
1822
1841
1857
1883
1904
1902
1922
1992
2161
2426
2728
2989
3183
3304
3327
3287
3161
3007
2828
2639
2455
2277
2133
2034
1965
1929
1908
1906
1922
1943
1962
1993
2030
2070
2119
2265
2564
2961
3367
3708
3953
4092
4095
4095
4088
3966
3785
3588
3367
3136
2910
2737
2622
2567
2578
2623
2671
2678
2651
2585
2503
2433
2412
2541
2805
3120
3448
3731
3945
4083
4095
4095
4086
3960
3766
3544
3327
3098
2877
2681
2501
2349
2252
2174
2098
2020
1937
1859
1778
1727
1780
1957
2244
2580
2891
3127
3280
3344
3343
3297
3210
3071
2888
2669
2443
2226
2053
1932
1862
1834
1817
1794
1754
1684
1589
1507
1496
1591
1796
2091
2406
2706
2954
3131
3211
3204
3122
2991
2826
2634
2447
2279
2133
2028
1958
1902
1839
1775
1699
1626
1559
1479
1407
1423
1572
1825
2121
2424
2700
2898
3008
3038
2984
2863
2683
2475
2263
2072
1906
1769
1684
1626
1570
1495
1419
1332
1227
1115
1006
977
1078
1311
1633
1965
2254
2464
2578
2592
2545
2464
2349
2198
2011
1815
1652
1524
1411
1335
1267
1194
1118
1034
950
870
805
788
880
1069
1320
1619
1894
2111
2237
2279
2251
2163
2039
1887
1715
1556
1418
1304
1223
1160
1110
1069
1017
950
889
823
746
723
781
922
1143
1398
1628
1808
1922
1976
1993
1960
1885
1783
1684
1580
1479
1397
1348
1321
1304
1267
1218
1171
1125
1069
1024
1008
1078
1202
1423
1629
1792
1894
1953
1967
1957
1930
1871
1792
1712
1636
1575
1533
1512
1512
1535
1542
1538
1510
1461
1412
1369
1346
1376
1488
1670
1857
2020
2105
2134
2126
2109
2076
2039
1999
1961
1928
1886
1845
1819
1804
1776
1743
1723
1705
1690
1696
1703
1703
1716
1758
1833
1925
2019
2093
2135
2146
2125
2091
2064
2028
1974
1928
1879
1830
1790
1771
1766
1749
1735
1718
1715
1710
1703
1699
1689
1686
1714
1789
1894
2009
2114
2186
2230
2245
2233
2193
2144
2085
2029
1983
1968
1976
1984
1995
2013
2023
2016
1998
1970
1949
1925
1898
1874
1848
1825
1814
1835
1900
1996
2084
2164
2210
2219
2194
2156
2108
2064
2028
1981
1945
1928
1928
1926
1935
1955
1979
1990
1984
1975
1965
1956
1959
1960
1959
1959
1978
2033
2140
2283
2424
2546
2639
2710
2741
2740
2723
2699
2659
2618
2584
2561
2549
2538
2520
2504
2495
2476
2435
2381
2339
2290
2231
2184
2140
2113
2095
2098
2138
2224
2354
2501
2631
2721
2768
2794
2799
2794
2771
2723
2656
2589
2535
2479
2435
2405
2388
2364
2334
2294
2258
2229
2201
2161
2110
2073
2039
1994
1963
1979
2041
2143
2269
2401
2511
2589
2639
2651
2645
2633
2603
2554
2485
2415
2360
2303
2259
2219
2185
2136
2079
2033
1983
1929
1876
1834
1801
1763
1719
1678
1644
1641
1699
1824
1988
2159
2319
2453
2546
2610
2643
2653
2635
2588
2510
2424
2336
2259
2193
2139
2100
2071
2025
1971
1919
1866
1804
1750
1719
1678
1633
1588
1544
1523
1560
1683
1860
2055
2244
2399
2511
2594
2629
2594
2516
2416
2309
2215
2126
2044
1983
1941
1904
1878
1844
1823
1789
1743
1689
1629
1570
1525
1475
1431
1405
1434
1548
1734
1959
2193
2393
2540
2633
2665
2653
2603
2514
2388
2249
2128
2024
1946
1911
1890
1873
1851
1825
1791
1740
1688
1635
1585
1546
1514
1473
1424
1399
1449
1594
1805
2046
2378
2664
2870
2984
3015
2970
2849
2676
2475
2277
2102
1986
1902
1832
1775
1754
1754
1736
1696
1638
1573
1512
1449
1386
1311
1229
1180
1250
1461
1754
2091
2433
2716
2914
3019
3040
2973
2839
2641
2412
2203
2042
1920
1834
1797
1785
1775
1776
1757
1713
1640
1551
1454
1379
1321
1246
1180
1181
1318
1577
1920
2284
2599
2844
3010
3092
3091
3000
2839
2625
2394
2170
1972
1829
1750
1708
1689
1689
1694
1696
1677
1621
1540
1468
1405
1353
1297
1304
1447
1738
2109
2473
2777
3003
3150
3196
3145
3001
2797
2569
2328
2077
1857
1705
1622
1587
1589
1603
1605
1584
1551
1500
1446
1397
1346
1281
1239
1307
1528
1866
2270
2657
2961
3173
3292
3315
3250
3096
2893
2651
2373
2118
1886
1690
1578
1540
1520
1492
1474
1470
1448
1402
1362
1340
1292
1234
1238
1392
1716
2156
2610
3006
3306
3510
3594
3560
3426
3222
2954
2640
2322
2034
1816
1688
1608
1556
1542
1540
1522
1484
1446
1404
1360
1314
1276
1274
1392
1694
2116
2560
2964
3290
3478
3528
3462
3308
3068
2772
2456
2142
1852
1604
1410
1296
1232
1196
1192
1208
1222
1224
1224
1226
1200
1148
1130
1256
1590
2028
2476
2878
3186
3374
3442
3392
3250
3026
2768
2490
2202
1924
1700
1566
1512
1520
1574
1600
1598
1572
1536
1502
1448
1360
1304
1404
1718
2170
2644
3096
3492
3800
3982
4030
3960
3790
3544
3228
2892
2596
2352
2172
2052
1950
1862
1812
1772
1718
1662
1604
1514
1436
1506
1778
2184
2666
3154
3586
3892
4050
4074
4010
3890
3706
3436
3124
2796
2482
2252
2072
1946
1850
1790
1722
1650
1580
1492
1378
1268
1246
1406
1752
2226
2718
3122
3404
3558
3612
3566
3416
3204
2946
2678
2420
2184
1988
1848
1750
1682
1618
1564
1514
1436
1336
1236
1148
1122
1258
1552
1936
2362
2778
3076
3240
3288
3248
3142
2982
2778
2554
2336
2134
1970
1866
1790
1708
1638
1562
1498
1418
1350
1252
1118
1012
1024
1228
1600
2038
2444
2768
2984
3076
3058
2932
2752
2556
2344
2130
1938
1792
1700
1644
1620
1602
1562
1504
1446
1382
1288
1176
1074
980
944
1034
1302
1696
2120
2504
2796
2952
2964
2880
2734
2568
2402
2202
1994
1812
1670
1578
1514
1462
1440
1414
1390
1350
1290
1226
1170
1078
970
878
798
736
730
852
1152
1616
2132
2580
2942
3157
3245
3225
3119
2970
2798
2608
2422
2261
2100
1969
1895
1852
1810
1752
1678
1608
1531
1446
1349
1243
1138
1048
970
894
830
781
747
739
719
686
691
838
1178
1692
2284
2826
3252
3560
3731
3784
3733
3616
3437
3218
2993
2776
2601
2461
2357
2282
2224
2154
2065
1965
1859
1740
1608
1493
1376
1262
1162
1062
975
900
837
788
763
740
711
677
653
663
796
1132
1636
2245
2854
3386
3775
4008
4095
4081
3960
3780
3567
3343
3108
2886
2686
2513
2375
2263
2160
2048
1908
1790
1708
1593
1488
1360
1279
1260
1260
1019
984
845
768
737
695
672
656
644
623
613
686
686
1370
1902
1902
3283
3463
3463
3463
4095
4095
4095
4095
4095
4095
4095
4095
4095
4095
4095
4095
4095
4095
4095
4095
4095
1760
1603
1498
1433
1358
1293
1234
1193
1150
1099
1065
1033
999
975
988
1116
1409
1836
2318
2774
3145
3393
3531
3571
3531
3436
3301
3130
2935
2745
2578
2444
2343
2256
2179
2105
2031
1948
1859
1769
1678
1590
1510
1443
1363
1276
1214
1163
1119
1079
1044
1013
988
964
955
945
936
943
1030
1281
1690
2173
2661
3104
3453
3684
3788
3794
3730
3620
3468
3275
3060
2861
2693
2535
2399
2296
2219
2143
2069
1986
1898
1808
1709
1609
1513
1429
1345
1250
1180
1130
1080
1035
1004
984
980
980
970
976
1064
1316
1723
2223
2734
3180
3523
3744
3846
3850
3776
3641
3466
3260
3039
2829
2650
2501
2374
2263
2179
2109
2041
1964
1879
1784
1686
1584
1475
1379
1290
1216
1149
1100
1058
1013
969
940
919
904
938
1118
1475
1958
2390
2771
3088
3315
3448
3490
3446
3349
3225
3082
2918
2741
2580
2439
2315
2216
2143
2083
2027
1968
1900
1833
1759
1669
1582
1501
1430
1372
1327
1289
1256
1229
1197
1170
1153
1149
1180
1310
1577
1959
2379
2769
3095
3332
3469
3511
3488
3405
3275
3116
2940
2757
2588
2440
2324
2232
2149
2070
2003
1949
1886
1813
1737
1660
1583
1504
1425
1363
1322
1280
1236
1199
1180
1216
1382
1682
2054
2441
2778
3043
3221
3310
3318
3264
3168
3041
2890
2726
2566
2415
2280
2181
2105
2031
1969
1910
1848
1781
1717
1649
1594
1529
1453
1374
1308
1259
1231
1227
1310
1520
1832
2190
2535
2825
3036
3166
3209
3181
3099
2977
2837
2690
2541
2389
2256
2141
2043
1967
1911
1869
1820
1759
1702
1649
1577
1494
1413
1349
1294
1246
1213
1237
1385
1661
2013
2291
2527
2703
2813
2860
2852
2797
2708
2597
2480
2366
2254
2150
2067
2003
1953
1918
1887
1853
1815
1775
1727
1673
1621
1570
1521
1473
1437
1449
1551
1750
2004
2259
2481
2654
2766
2824
2825
2777
2693
2591
2473
2356
2251
2157
2083
2030
1991
1958
1925
1883
1838
1798
1757
1709
1649
1589
1532
1497
1513
1616
1805
2042
2282
2498
2657
2750
2792
2783
2743
2672
2581
2474
2360
2243
2147
2075
2028
1989
1955
1924
1886
1842
1798
1741
1682
1628
1575
1526
1502
1547
1685
1893
2135
2370
2553
2673
2732
2738
2699
2633
2550
2465
2378
2289
2201
2123
2059
2006
1963
1928
1893
1849
1794
1745
1698
1640
1586
1542
1532
1604
1763
1976
2205
2410
2573
2680
2728
2726
2684
2612
2528
2437
2342
2250
2165
2093
2031
1973
1925
1889
1856
1820
1774
1724
1673
1618
1560
1512
1484
1533
1671
1879
2108
2314
2475
2579
2621
2617
2589
2536
2454
2353
2247
2151
2073
2009
1953
1907
1868
1829
1793
1749
1706
1670
1628
1581
1536
1487
1454
1481
1598
1790
2018
2240
2419
2543
2613
2630
2605
2555
2484
2393
2292
2192
2112
2045
1988
1945
1915
1886
1852
1814
1767
1713
1662
1613
1568
1528
1484
1434
1387
1352
1325
1330
1412
1575
1790
2018
2231
2414
2546
2627
2657
2648
2609
2545
2461
2371
2289
2219
2150
2090
2039
1994
1953
1913
1874
1836
1797
1748
1692
1642
1595
1551
1512
1502
1551
1667
1831
2013
2193
2351
2469
2539
2563
2554
2513
2446
2369
2286
2213
2147
2095
2049
2003
1959
1924
1889
1857
1832
1806
1778
1752
1726
1699
1683
1703
1781
1911
2080
2304
2491
2618
2693
2713
2689
2633
2546
2434
2321
2202
2086
1987
1911
1852
1804
1763
1730
1697
1655
1605
1550
1498
1465
1426
1388
1393
1472
1637
1856
2095
2310
2472
2577
2625
2624
2590
2528
2438
2337
2245
2160
2091
2030
1982
1943
1902
1859
1809
1764
1721
1672
1617
1560
1504
1464
1444
1478
1584
1754
1966
2194
2389
2528
2610
2645
2640
2606
2549
2455
2348
2239
2140
2055
1990
1949
1910
1862
1816
1762
1712
1668
1629
1602
1574
1531
1475
1421
1384
1402
1501
1673
1885
2101
2289
2434
2522
2553
2542
2501
2439
2367
2279
2182
2094
2020
1956
1909
1872
1833
1790
1740
1685
1634
1576
1524
1469
1429
1401
1370
1372
1460
1623
1828
2045
2237
2388
2492
2546
2558
2533
2491
2429
2352
2277
2199
2119
2055
1994
1951
1926
1904
1874
1839
1806
1766
1716
1671
1628
1594
1559
1521
1520
1616
1803
2048
2301
2505
2645
2730
2758
2736
2684
2609
2514
2411
2309
2204
2088
1994
1921
1868
1836
1814
1809
1800
1774
1743
1705
1663
1619
1573
1523
1485
1505
1615
1813
2069
2345
2574
2739
2830
2856
2848
2823
2795
2790
2816
2873
2908
2839
2716
2615
2563
2566
2639
2773
2940
3136
3379
3659
3919
4095
4095
4095
4095
4095
4095
4095
4095
4095
4095
3763
3326
2900
2510
2164
1840
1528
1248
990
754
530
309
119
0
0
0
0
0
0
0
0
0
0
0
0
71
224
470
785
1124
1471
1824
2159
2351
2321
2105
1753
1325
916
620
471
433
448
423
299
139
24
0
38
143
343
630
958
1300
1643
1999
2532
3122
3693
4095
4095
4095
4095
4095
4095
4095
4095
4095
3974
3672
3402
3178
3001
2914
2856
2777
2671
2543
2392
2223
2063
1923
1790
1677
1642
1740
1962
2247
2569
2875
3103
3239
3297
3302
3278
3218
3127
3017
2900
2772
2660
2574
2496
2415
2328
2226
2107
1967
1820
1691
1582
1477
1346
1206
1089
1124
1342
1664
2016
2338
2597
2781
2877
2895
2853
2762
2597
2387
2161
1944
1748
1591
1482
1388
1307
1201
1094
1008
952
919
870
840
847
851
858
922
1131
1477
1859
2217
2499
2681
2735
2681
2543
2347
2161
2006
1867
1738
1640
1558
1488
1419
1341
1251
1150
1040
905
744
565
364
158
0
0
0
0
0
196
536
870
1155
1372
1512
1596
1629
1629
1605
1542
1475
1435
1447
1519
1650
1790
1904
1988
2041
2070
2063
2005
1908
1809
1719
1641
1573
1548
1628
1816
2045
2260
2433
2549
2618
2633
2594
2508
2391
2245
2078
1931
1829
1763
1719
1695
1698
1715
1740
1763
1783
1783
1770
1748
1714
1670
1651
1731
1915
2168
2445
2713
2929
3093
3188
3213
3179
3105
3023
2923
2816
2706
2601
2511
2439
2391
2363
2335
2300
2250
2186
2110
2043
1970
1889
1836
1873
2050
2329
2640
2915
3145
3329
3465
3523
3531
3494
3413
3301
3153
2951
2731
2544
2405
2313
2244
2184
2131
2083
2036
1994
1961
1934
1898
1899
1988
2174
2428
2684
2888
3024
3098
3140
3165
3159
3123
3051
2938
2811
2689
2575
2479
2394
2311
2221
2113
1966
1783
1579
1375
1155
943
758
634
599
644
768
954
1145
1301
1413
1468
1481
1464
1405
1224
893
479
83
0
0
0
90
261
368
436
470
468
409
318
255
319
538
869
1229
1555
1808
1960
2044
2072
2064
2025
1966
1904
1853
1834
1845
1885
1956
2037
2118
2184
2217
2219
2192
2152
2105
2062
2051
2117
2266
2457
2649
2820
2956
3037
3085
3124
3174
3222
3264
3293
3294
3274
3238
3190
3129
3048
2943
2813
2657
2479
2294
2112
1949
1841
1813
1862
1956
2052
2116
2139
2136
2111
2065
1993
1903
1826
1760
1704
1663
1638
1636
1655
1689
1721
1742
1747
1721
1675
1611
1538
1510
1567
1685
1812
1932
2047
2155
2245
2304
2293
2187
2007
1825
1700
1656
1680
1749
1855
2003
2184
2377
2554
2697
2797
2840
2826
2780
2765
2808
2910
3044
3172
3264
3297
3274
3212
3126
3032
2940
2851
2758
2672
2606
2566
2541
2518
2500
2466
2418
2352
2280
2203
2127
2090
2135
2242
2382
2511
2600
2658
2683
2656
2587
2496
2391
2287
2184
2107
2088
2137
2234
2374
2533
2689
2827
2932
3022
3074
3085
3080
3094
3151
3225
3296
3337
3324
3265
3181
3069
2937
2794
2647
2503
2367
2242
2125
2024
1942
1879
1831
1782
1739
1711
1689
1659
1631
1621
1650
1734
1853
1975
2076
2142
2168
2160
2134
2090
2037
1975
1899
1832
1777
1736
1710
1683
1659
1636
1614
1593
1576
1563
1542
1507
1474
1468
1521
1623
1753
1870
1966
2023
2030
1997
1929
1821
1687
1543
1391
1241
1110
1016
951
915
907
915
926
939
955
969
981
996
1016
1044
1087
1171
1314
1486
1642
1773
1877
1949
1993
2005
1995
1977
1937
1890
1850
1821
1800
1792
1798
1802
1805
1806
1801
1803
1798
1785
1779
1779
1777
1776
1797
1860
1969
2100
2220
2320
2391
2433
2453
2455
2432
2391
2351
2313
2266
2208
2157
2127
2113
2104
2084
2068
2052
2041
2036
2032
2020
1998
1974
1948
1937
1958
2022
2128
2254
2369
2477
2570
2641
2683
2693
2682
2662
2631
2587
2546
2501
2453
2405
2369
2336
2297
2263
2229
2196
2164
2129
2087
2034
1991
1959
1963
2013
2106
2221
2350
2477
2592
2671
2713
2720
2708
2678
2629
2563
2495
2426
2367
2314
2250
2195
2148
2097
2048
2006
1978
1963
1938
1904
1866
1836
1837
1891
2007
2187
2399
2618
2820
2977
3078
3129
3120
3067
2984
2861
2703
2516
2306
2102
1903
1713
1557
1432
1337
1289
1264
1257
1285
1337
1401
1465
1551
1684
1881
2123
2379
2634
2882
3093
3253
3371
3448
3478
3465
3419
3362
3311
3260
3219
3184
3150
3116
3074
3015
2957
2885
2791
2702
2608
2508
2415
2356
2353
2410
2512
2648
2794
2927
3018
3058
3032
2957
2851
2719
2588
2451
2298
2138
1940
1735
1570
1448
1364
1285
1208
1128
1034
923
800
676
579
525
551
681
910
1205
1516
1815
2058
2233
2348
2425
2446
2409
2335
2226
2086
1936
1820
1728
1639
1545
1465
1384
1291
1193
1079
955
814
676
571
544
630
826
1089
1378
1648
1888
2074
2193
2250
2250
2204
2134
2058
1980
1905
1871
1876
1895
1923
1943
1965
1989
1991
1981
1959
1921
1878
1824
1780
1770
1838
1990
2183
2366
2523
2631
2676
2660
2589
2469
2315
2135
1929
1739
1595
1493
1426
1375
1334
1304
1283
1264
1250
1244
1235
1229
1238
1253
1293
1381
1556
1794
2045
2274
2449
2556
2611
2624
2605
2568
2505
2430
2339
2248
2184
2143
2118
2096
2074
2046
2005
1954
1885
1796
1701
1605
1508
1420
1393
1460
1614
1799
1971
2129
2258
2326
2336
2320
2278
2220
2144
2060
1984
1909
1845
1785
1721
1671
1630
1591
1559
1531
1509
1491
1489
1494
1511
1554
1644
1794
1971
2143
2276
2358
2386
2383
2350
2308
2255
2189
2119
2066
2024
1990
1961
1939
1915
1898
1886
1851
1795
1748
1703
1653
1600
1545
1500
1488
1534
1633
1760
1905
2033
2125
2189
2226
2246
2269
2313
2380
2451
2510
2553
2588
2610
2633
2654
2656
2644
2605
2536
2448
2348
2239
2125
2028
1948
1883
1819
1793
1829
1939
2089
2244
2356
2428
2461
2468
2453
2423
2379
2325
2265
2191
2116
2055
2018
1999
1980
1951
1914
1876
1840
1794
1754
1709
1664
1643
1634
1635
1643
1655
1721
1858
2035
2213
2356
2468
2541
2580
2595
2595
2581
2559
2514
2445
2393
2344
2306
2288
2284
2286
2270
2238
2204
2159
2106
2058
2004
1953
1908
1871
1834
1839
1925
2119
2382
2658
2931
3187
3407
3582
3724
3799
3829
3836
3826
3819
3819
3805
3763
3701
3633
3528
3388
3238
3080
2909
2723
2559
2382
2214
2070
1944
1850
1841
1932
2109
2340
2585
2783
2903
2968
2996
2993
2951
2881
2791
2688
2566
2443
2340
2270
2209
2140
2077
2020
1950
1855
1764
1670
1566
1465
1349
1243
1188
1239
1409
1680
2004
2315
2574
2784
2945
3033
3040
2989
2902
2784
2643
2506
2403
2322
2251
2182
2112
2042
1972
1892
1815
1731
1643
1568
1489
1398
1339
1386
1565
1817
2128
2447
2725
2930
3050
3085
3042
2951
2840
2714
2555
2392
2233
2105
2009
1916
1846
1773
1699
1636
1566
1486
1400
1313
1236
1171
1103
1080
1180
1421
1752
2160
2620
3020
3288
3410
3420
3352
3208
2996
2762
2532
2324
2160
2020
1908
1812
1726
1640
1564
1470
1362
1244
1136
1028
926
836
788
830
1018
1338
1742
2170
2536
2800
2956
3012
2982
2908
2796
2644
2470
2320
2208
2138
2084
2044
2000
1948
1906
1854
1802
1740
1654
1548
1446
1360
1292
1232
1234
1362
1638
2062
2550
3016
3410
3700
3864
3910
3850
3736
3592
3432
3302
3188
3100
3040
2978
2898
2802
2692
2562
2436
2302
2146
1990
1850
1718
1570
1432
1330
1254
1276
1466
1800
2218
2628
2956
3160
3256
3266
3200
3080
2920
2738
2558
2388
2212
2040
1900
1816
1778
1730
1648
1562
1470
1362
1250
1140
1040
952
878
854
958
1222
1598
2018
2406
2712
2906
2984
2976
2926
2828
2706
2588
2450
2306
2188
2112
2074
2054
2041
2009
1976
1934
1883
1822
1740
1643
1542
1475
1442
1488
1647
1911
2207
2471
2676
2784
2791
2734
2629
2468
2258
2020
1766
1538
1384
1281
1241
1267
1344
1426
1484
1496
1472
1425
1379
1323
1262
1185
1103
1040
1054
1171
1325
1449
1500
1458
1314
1099
833
579
343
121
0
0
0
0
0
0
235
649
1159
1677
2128
2471
2709
2851
2898
2882
2825
2725
2632
2580
2571
2567
2552
2525
2496
2443
2356
2233
2081
1932
1775
1607
1433
1267
1134
1031
956
908
851
758
660
567
483
403
313
219
151
109
63
42
95
250
488
812
1262
1857
2581
3292
3826
4095
4095
4058
3903
3722
3504
3273
3019
2732
2438
2163
1909
1666
1439
1239
1050
880
744
627
523
467
464
518
621
716
721
614
373
21
0
0
0
0
0
0
0
0
0
0
0
0
0
0
0
0
0
0
0
0
0
0
0
0
0
0
0
0
0
0
0
0
0
0
0
0
0
0
0
0
501
1006
1554
2125
2580
3039
3480
3874
4095
4095
4095
4095
4095
4095
4095
4095
4095
4095
4095
4095
4095
4095
4095
4095
4095
4095
4095
4095
4095
4051
4009
3978
3923
3839
3753
3665
3579
3500
3454
3466
3521
3593
3668
3730
3749
3730
3681
3600
3506
3413
3318
3225
3133
3038
2955
2879
2803
2725
2641
2546
2428
2293
2154
2051
1978
1949
1988
2129
2370
2664
2974
3286
3598
3861
4049
4095
4095
4095
4006
3803
3543
3230
2859
2454
2053
1688
1380
1139
980
923
974
1130
1406
1785
2225
2683
3143
3591
4005
4095
4095
4095
4095
4095
4095
4095
4095
4068
3900
3753
3613
3485
3361
3246
3138
3015
2848
2610
2305
1961
1626
1355
1163
1039
1001
1081
1270
1514
1779
2041
2284
2499
2680
2821
2950
3075
3170
3230
3253
3246
3225
3188
3134
3065
2993
2920
2843
2769
2690
2615
2544
2468
2390
2320
2266
2255
2310
2419
2558
2710
2860
2989
3086
3139
3146
3141
3100
3016
2911
2814
2725
2658
2596
2536
2475
2411
2336
2243
2155
2086
2023
1961
1894
1838
1786
1740
1702
1684
1723
1810
1935
2088
2247
2382
2486
2559
2601
2621
2617
2592
2550
2492
2430
2358
2289
2226
2170
2121
2075
2021
1960
1906
1854
1808
1763
1719
1677
1630
1586
1548
1513
1508
1577
1710
1876
2062
2238
2377
2482
2546
2564
2556
2527
2478
2417
2349
2279
2205
2146
2096
2048
1998
1951
1898
1852
1812
1755
1683
1604
1529
1459
1408
1364
1321
1290
1293
1360
1489
1660
1855
2048
2212
2329
2403
2436
2444
2420
2368
2305
2237
2161
2079
2009
1957
1918
1877
1833
1786
1739
1703
1666
1621
1576
1526
1468
1425
1399
1372
1349
1366
1444
1587
1772
1964
2142
2286
2386
2438
2453
2434
2401
2348
2276
2191
2103
2022
1955
1892
1830
1786
1750
1708
1661
1602
1549
1494
1444
1397
1349
1312
1292
1286
1317
1405
1553
1737
1930
2092
2199
2277
2314
2318
2300
2258
2189
2111
2031
1959
1901
1851
1817
1797
1781
1756
1721
1688
1664
1645
1619
1591
1568
1550
1530
1520
1551
1635
1756
1908
2067
2201
2297
2351
2368
2353
2313
2254
2186
2115
2049
1994
1947
1906
1874
1850
1837
1820
1791
1759
1728
1693
1657
1627
1601
1579
1572
1601
1679
1799
1945
2096
2232
2340
2405
2426
2414
2375
2324
2264
2195
2125
2066
2011
1960
1929
1913
1903
1886
1856
1821
1787
1757
1727
1694
1667
1643
1623
1634
1697
1818
1982
2154
2298
2402
2471
2502
2492
2456
2405
2347
2286
2216
2142
2076
2026
1991
1963
1943
1916
1886
1862
1835
1803
1769
1738
1706
1679
1652
1630
1646
1718
1838
1998
2169
2328
2453
2521
2547
2543
2510
2453
2383
2314
2238
2166
2104
2054
2003
1948
1896
1865
1843
1818
1781
1730
1677
1633
1584
1537
1503
1497
1565
1707
1910
2129
2335
2512
2638
2714
2748
2734
2692
2620
2514
2395
2281
2184
2106
2050
2010
1981
1959
1928
1885
1838
1789
1740
1684
1623
1563
1518
1491
1505
1598
1781
2022
2264
2478
2645
2758
2805
2795
2742
2671
2577
2464
2357
2256
2170
2102
2048
2000
1954
1917
1888
1855
1809
1763
1724
1685
1646
1596
1544
1519
1565
1716
1950
2210
2448
2631
2752
2812
2817
2770
2692
2605
2501
2389
2284
2195
2126
2064
2010
1971
1944
1912
1873
1825
1778
1729
1678
1628
1578
1536
1532
1614
1784
2010
2259
2481
2652
2746
2771
2755
2713
2644
2547
2435
2330
2227
2131
2053
1997
1961
1925
1886
1846
1817
1788
1747
1701
1648
1602
1568
1564
1625
1771
1985
2270
2558
2771
2884
2923
2906
2844
2743
2603
2431
2261
2121
2011
1930
1868
1814
1769
1720
1658
1595
1544
1478
1393
1310
1221
1143
1114
1194
1410
1714
2026
2290
2495
2626
2666
2623
2528
2391
2224
2048
1888
1760
1663
1600
1571
1564
1546
1520
1496
1481
1464
1444
1421
1404
1384
1394
1489
1688
1964
2260
2509
2691
2795
2815
2770
2684
2561
2400
2225
2080
1970
1885
1833
1819
1814
1803
1773
1719
1664
1610
1549
1488
1434
1385
1359
1409
1563
1805
2081
2329
2504
2599
2621
2588
2503
2368
2220
2081
1950
1836
1761
1720
1706
1704
1699
1700
1691
1666
1643
1614
1584
1543
1498
1491
1573
1760
2010
2278
2514
2683
2775
2794
2754
2655
2513
2355
2210
2069
1953
1878
1840
1813
1775
1740
1700
1651
1603
1548
1489
1430
1366
1318
1326
1443
1649
1890
2161
2440
2611
2686
2692
2636
2527
2385
2210
2027
1867
1755
1692
1671
1675
1673
1656
1631
1591
1526
1447
1356
1262
1174
1104
1066
1125
1313
1596
1878
2112
2273
2375
2417
2403
2370
2303
2182
2034
1874
1752
1663
1596
1551
1549
1552
1549
1530
1482
1432
1383
1337
1274
1230
1208
1187
1167
1153
1136
1141
1265
1491
1776
2081
2343
2531
2637
2665
2615
2529
2415
2287
2170
2055
1946
1878
1845
1825
1817
1801
1789
1771
1740
1703
1675
1652
1638
1624
1603
1573
1544
1545
1615
1752
1948
2172
2375
2517
2590
2611
2599
2559
2490
2412
2317
2224
2144
2074
2016
2000
1988
1990
2009
2013
1997
1965
1943
1925
1892
1862
1832
1803
1787
1806
1895
2063
2261
2452
2597
2695
2741
2732
2713
2686
2643
2574
2501
2433
2385
2352
2336
2338
2361
2385
2387
2371
2342
2321
2291
2258
2224
2191
2154
2109
2090
2114
2212
2364
2553
2748
2893
2973
2986
2952
2900
2819
2737
2664
2587
2497
2427
2392
2394
2419
2422
2399
2378
2347
2317
2287
2256
2217
2182
2133
2091
2076
2114
2202
2336
2508
2671
2802
2905
2987
3043
3050
3021
2970
2914
2849
2777
2704
2651
2616
2595
2585
2588
2581
2560
2527
2499
2459
2406
2352
2298
2252
2219
2249
2366
2550
2755
2940
3105
3255
3371
3435
3455
3428
3379
3306
3227
3155
3091
3028
2959
2886
2837
2798
2739
2664
2585
2524
2457
2392
2321
2249
2188
2196
2307
2499
2721
2963
3196
3393
3523
3589
3605
3574
3521
3435
3309
3180
3064
2949
2840
2751
2674
2604
2536
2468
2389
2294
2203
2111
2020
1922
1843
1825
1887
2039
2272
2550
2788
2961
3087
3161
3169
3140
3059
2947
2823
2693
2562
2441
2347
2272
2198
2111
1997
1899
1818
1722
1619
1528
1437
1360
1302
1236
1141
1062
1069
1190
1411
1699
2025
2335
2606
2784
2872
2902
2895
2835
2725
2583
2401
2219
2067
1943
1853
1769
1682
1593
1503
1411
1307
1243
1180
1113
1045
989
952
921
880
851
824
788
763
814
977
1258
1615
1995
2336
2594
2767
2865
2900
2881
2811
2702
2562
2392
2237
2102
1997
1922
1862
1792
1717
1647
1598
1547
1488
1412
1337
1246
1153
1073
1010
978
942
910
872
837
809
779
758
814
991
1288
1673
2084
2370
2589
2715
2788
2809
2773
2693
2584
2473
2353
2231
2135
2061
1994
1944
1903
1845
1790
1743
1700
1661
1614
1570
1526
1481
1428
1373
1328
1279
1224
1174
1140
1116
1093
1095
1176
1340
1588
1878
2163
2396
2550
2638
2679
2679
2640
2573
2479
2374
2273
2184
2114
2058
2009
1968
1936
1894
1853
1820
1789
1750
1705
1658
1606
1549
1485
1434
1404
1384
1370
1363
1348
1328
1323
1384
1524
1743
2010
2296
2561
2766
2901
2970
2979
2944
2869
2759
2630
2513
2406
2314
2238
2169
2109
2069
2041
2000
1963
1925
1875
1809
1743
1674
1613
1565
1520
1483
1455
1424
1388
1343
1316
1313
1310
1326
1396
1564
1819
2135
2453
2729
2933
3064
3129
3129
3081
2996
2890
2768
2649
2541
2440
2350
2276
2223
2165
2116
2074
2028
1982
1932
1879
1829
1783
1736
1689
1654
1623
1585
1551
1521
1486
1459
1445
1453
1507
1641
1847
2103
2374
2613
2796
2917
2979
2990
2954
2885
2794
2688
2582
2477
2375
2291
2234
2189
2152
2110
2063
2007
1963
1927
1885
1839
1784
1731
1686
1637
1590
1551
1513
1485
1464
1445
1461
1552
1720
1942
2196
2447
2652
2797
2881
2915
2905
2865
2798
2700
2588
2484
2388
2308
2247
2204
2159
2119
2069
2017
1963
1908
1856
1810
1765
1712
1666
1637
1632
1585
1557
1537
1511
1539
1695
1738
2125
2365
2421
2737
2787
2898
2922
2857
2800
2800
2621
2501
2369
2283
2215
2162
2117
2072
2026
1982
1941
1903
1861
1818
1767
1714
1660
1607
1561
1522
1500
1519
1602
1748
1958
2208
2442
2630
2758
2824
2838
2806
2743
2659
2564
2474
2387
2305
2231
2164
2106
2050
1996
1954
1919
1882
1854
1820
1775
1732
1689
1645
1599
1564
1530
1514
1566
1695
1894
2131
2370
2569
2705
2785
2808
2787
2737
2661
2566
2459
2356
2262
2186
2126
2077
2034
1992
1955
1916
1884
1849
1812
1765
1717
1668
1622
1585
1548
1523
1527
1590
1734
1946
2173
2393
2576
2702
2772
2790
2765
2712
2630
2524
2421
2327
2242
2175
2119
2067
2022
1977
1943
1922
1899
1863
1826
1789
1751
1721
1686
1644
1594
1543
1494
1451
1434
1482
1615
1834
2093
2345
2557
2704
2783
2808
2789
2753
2699
2620
2518
2410
2305
2215
2154
2113
2079
2041
1995
1946
1899
1854
1813
1766
1723
1678
1637
1589
1540
1510
1487
1492
1565
1718
1940
2189
2418
2602
2728
2793
2803
2767
2701
2610
2493
2371
2272
2192
2132
2089
2051
2010
1969
1933
1899
1859
1822
1786
1743
1704
1666
1623
1581
1548
1546
1613
1754
1959
2190
2402
2562
2658
2702
2700
2677
2638
2573
2494
2414
2351
2313
2312
2333
2357
2370
2352
2283
2159
1968
1722
1461
1214
1000
827
711
658
698
850
1109
1445
1802
2127
2386
2557
2648
2680
2668
2629
2562
2469
2374
2284
2208
2155
2119
2085
2039
1998
1962
1921
1872
1820
1774
1728
1676
1624
1586
1589
1661
1819
2041
2280
2484
2626
2709
2732
2705
2637
2557
2461
2355
2247
2148
2060
1992
1956
1933
1916
1892
1869
1835
1794
1749
1709
1667
1624
1585
1560
1561
1642
1808
2029
2265
2474
2621
2695
2716
2696
2637
2557
2473
2382
2282
2185
2090
2015
1968
1939
1918
1886
1844
1793
1740
1681
1621
1566
1509
1456
1410
1360
1366
1419
1710
2021
2345
2621
2815
2899
2914
2871
2808
2690
2570
2444
2349
2228
2131
2078
2078
1975
1949
1949
1855
1775
1743
1743
1644
1644
1644
1644
1644
1644
1644
1291
1291
1229
1360
1676
1879
1879
1879
1879
2930
3008
2996
2911
2911
2723
2634
2634
2288
2288
2073
2000
1966
1941
1919
1849
1801
1728
1636
1533
1438
1333
1238
1158
1090
1025
965
936
984
1153
1424
1758
2068
2324
2503
2589
2596
2550
2459
2329
2186
2041
1894
1744
1608
1486
1379
1279
1196
1121
1041
968
901
843
779
704
624
558
498
441
414
498
803
1326
1964
2626
3236
3734
4095
4095
4095
4095
4095
4095
4095
4095
3990
3818
3658
3514
3396
3288
3155
3021
2894
2764
2620
2468
2324
2209
2115
2006
1845
1663
1496
1409
1458
1673
2009
2357
2644
2828
2910
2916
2837
2674
2469
2247
2028
1839
1715
1675
1701
1738
1796
1860
1897
1909
1881
1811
1680
1491
1293
1097
919
803
844
1075
1453
1925
2410
2839
3164
3378
3502
3533
3488
3379
3210
3001
2821
2616
2483
2378
2293
2212
2135
2072
2051
2034
1979
1911
1838
1741
1645
1533
1465
1500
1682
1993
2377
2723
3008
3218
3329
3355
3320
3210
3047
2865
2681
2506
2343
2196
2069
1951
1850
1757
1675
1603
1542
1472
1377
1267
1171
1078
973
877
875
1047
1369
1782
2189
2539
2795
2961
3043
3038
2977
2893
2756
2583
2401
2238
2098
1967
1848
1755
1685
1621
1559
1477
1384
1283
1181
1089
992
901
824
763
784
957
1269
1643
2020
2263
2451
2561
2604
2604
2574
2501
2398
2278
2144
2010
1909
1849
1810
1775
1728
1678
1619
1558
1501
1446
1386
1321
1258
1193
1131
1099
1085
1100
1176
1338
1561
1798
2006
2189
2323
2415
2454
2444
2396
2319
2229
2143
2051
1956
1861
1770
1686
1610
1543
1483
1439
1388
1330
1280
1234
1184
1141
1101
1073
1049
1048
1105
1250
1458
1689
1921
2123
2269
2380
2454
2478
2464
2419
2348
2266
2188
2124
2074
2039
2015
1986
1958
1929
1896
1858
1820
1781
1725
1670
1623
1574
1531
1493
1485
1514
1603
1761
1960
2169
2360
2511
2611
2661
2674
2649
2599
2529
2451
2376
2304
2240
2188
2140
2100
2063
2021
1986
1948
1910
1870
1846
1819
1784
1748
1710
1670
1650
1678
1788
1970
2220
2509
2790
3028
3179
3253
3260
3219
3138
3013
2868
2728
2611
2520
2454
2396
2335
2265
2204
2141
2068
1985
1911
1840
1771
1705
1648
1605
1566
1540
1560
1653
1804
2008
2224
2428
2591
2680
2713
2719
2690
2613
2516
2418
2326
2244
2170
2111
2070
2040
1989
1935
1901
1870
1818
1758
1706
1660
1616
1565
1528
1500
1458
1435
1473
1583
1764
1990
2218
2423
2583
2686
2739
2755
2734
2686
2623
2569
2533
2525
2520
2509
2514
2505
2479
2429
2345
2263
2169
2064
1968
1886
1818
1765
1718
1675
1646
1624
1625
1701
1889
2158
2469
2765
2985
3121
3161
3123
3039
2920
2784
2634
2485
2354
2241
2148
2073
2014
1960
1904
1845
1778
1723
1681
1638
1584
1535
1491
1464
1430
1389
1351
1316
1306
1371
1520
1755
2044
2468
2847
3115
3280
3365
3383
3344
3262
3140
2989
2825
2660
2511
2410
2343
2300
2252
2174
2079
1965
1831
1668
1489
1323
1187
1076
1008
966
968
1073
1321
1687
2095
2483
2797
3003
3105
3113
3040
2923
2777
2611
2429
2259
2105
1981
1906
1850
1797
1740
1687
1619
1545
1477
1437
1411
1395
1379
1372
1372
1386
1474
1685
2013
2422
2833
3197
3449
3574
3603
3549
3427
3238
3024
2774
2527
2314
2142
2018
1937
1895
1880
1846
1787
1719
1650
1565
1470
1377
1288
1222
1159
1082
1026
1048
1197
1481
1880
2317
2727
3038
3224
3285
3269
3215
3141
3029
2881
2742
2622
2529
2466
2419
2361
2296
2216
2137
2048
1929
1801
1670
1533
1395
1255
1134
1038
978
982
1108
1383
1790
2238
2643
2959
3157
3245
3239
3155
3003
2828
2636
2443
2279
2140
2013
1908
1813
1729
1670
1617
1577
1524
1453
1386
1327
1267
1202
1138
1073
1017
985
1036
1223
1563
1988
2445
2861
3161
3315
3346
3274
3148
2977
2776
2562
2361
2168
1999
1866
1782
1734
1698
1659
1626
1584
1531
1470
1395
1320
1237
1152
1071
1019
1022
1143
1426
1838
2294
2728
3077
3330
3486
3560
3568
3532
3458
3369
3278
3192
3120
3056
2987
2888
2755
2606
2459
2294
2111
1932
1762
1591
1435
1300
1188
1115
1124
1309
1642
2042
2447
2781
3000
3112
3126
3064
2949
2783
2562
2328
2100
1902
1752
1649
1589
1563
1537
1498
1446
1393
1325
1265
1229
1209
1202
1206
1229
1241
1276
1398
1629
1990
2329
2643
2906
3076
3145
3141
3093
3003
2888
2749
2588
2419
2255
2114
2009
1930
1855
1784
1724
1673
1606
1540
1479
1431
1399
1356
1301
1245
1199
1168
1155
1153
1150
1144
1135
1136
1204
1406
1743
2154
2570
2925
3185
3334
3389
3365
3291
3169
3013
2834
2659
2495
2358
2240
2149
2074
1999
1928
1858
1786
1714
1636
1554
1460
1378
1315
1268
1234
1199
1166
1141
1130
1124
1119
1128
1148
1158
1155
1146
1141
1138
1130
1111
1081
1081
1211
1534
2005
2539
3039
3448
3734
3890
3931
3873
3748
3579
3374
3160
2960
2778
2615
2481
2390
2329
2268
2206
2133
2048
1955
1863
1771
1685
1600
1510
1431
1369
1313
1259
1218
1184
1164
1148
1126
1098
1065
1048
1094
1265
1588
2018
2394
2730
2992
3170
3265
3280
3236
3144
3019
2876
2715
2556
2417
2306
2230
2160
2096
2046
1998
1952
1903
1848
1784
1722
1662
1598
1533
1470
1417
1381
1363
1349
1331
1306
1325
1441
1682
2019
2381
2702
2953
3122
3215
3229
3189
3098
2969
2829
2687
2550
2423
2316
2227
2155
2097
2045
1989
1943
1893
1837
1773
1703
1634
1570
1505
1444
1398
1358
1329
1307
1277
1261
1321
1510
1768
2174
2534
2823
3026
3150
3199
3186
3133
3041
2926
2794
2651
2502
2365
2251
2163
2095
2047
2001
1949
1899
1850
1800
1749
1694
1639
1592
1543
1492
1454
1433
1421
1440
1541
1748
2039
2344
2600
2761
2807
2772
2677
2556
2443
2352
2297
2260
2210
2148
2093
2052
2005
1951
1904
1862
1817
1770
1720
1665
1613
1564
1505
1454
1422
1381
1351
1363
1463
1669
1952
2208
2429
2603
2719
2776
2782
2748
2692
2615
2527
2430
2327
2231
2157
2097
2045
2000
1971
1936
1892
1844
1802
1763
1727
1691
1650
1605
1568
1559
1620
1760
1962
2181
2375
2520
2619
2664
2657
2617
2552
2462
2360
2253
2150
2063
1995
1944
1906
1874
1853
1829
1795
1760
1715
1666
1625
1586
1544
1516
1512
1563
1688
1886
2118
2336
2511
2629
2688
2702
2675
2628
2561
2476
2386
2295
2210
2139
2087
2049
2016
1991
1967
1934
1894
1855
1813
1778
1748
1713
1675
1634
1601
1583
1596
1666
1807
2003
2216
2409
2555
2643
2672
2651
2598
2531
2453
2361
2263
2162
2075
2008
1965
1943
1916
1886
1859
1836
1808
1775
1734
1691
1649
1625
1611
1589
1566
1548
1547
1592
1718
1925
2187
2456
2687
2861
2968
3018
3010
2953
2859
2734
2597
2473
2364
2270
2189
2116
2057
2018
1984
1944
1901
1853
1793
1721
1644
1573
1505
1446
1400
1371
1358
1372
1445
1586
1778
1989
2179
2337
2446
2492
2494
2468
2425
2373
2310
2236
2162
2099
2054
2026
2003
1982
1952
1919
1886
1853
1818
1788
1763
1738
1711
1680
1646
1620
1612
1641
1733
1885
2066
2238
2378
2471
2517
2524
2500
2450
2382
2309
2231
2151
2081
2028
1994
1973
1958
1940
1916
1885
1853
1824
1799
1769
1739
1715
1685
1656
1628
1604
1598
1638
1739
1904
2099
2291
2452
2566
2627
2633
2603
2558
2504
2435
2357
2276
2196
2135
2088
2045
2006
1973
1952
1926
1895
1859
1823
1785
1748
1709
1675
1648
1625
1599
1574
1550
1533
1518
1499
1480
1463
1447
1439
1439
1440
1447
1447
1436
1427
1428
1445
1510
1664
1908
2255
2661
3019
3289
3473
3576
3604
3565
3475
3350
3196
3032
2873
2719
2594
2496
2414
2352
2297
2237
2181
2117
2040
1967
1894
1827
1769
1705
1641
1582
1526
1469
1418
1381
1359
1344
1325
1315
1352
1479
1724
2057
2411
2742
3015
3204
3307
3337
3302
3209
3091
2962
2820
2668
2521
2389
2293
2225
2174
2132
2085
2031
1979
1932
1881
1822
1752
1682
1622
1577
1535
1493
1449
1410
1382
1385
1452
1626
1899
2226
2554
2827
3010
3105
3136
3105
3025
2911
2771
2617
2461
2325
2220
2129
2065
2027
2012
1994
1953
1904
1847
1786
1718
1649
1578
1506
1445
1403
1362
1332
1370
1514
1760
2068
2381
2659
2873
3008
3051
3021
2940
2817
2670
2504
2332
2177
2042
1946
1889
1862
1845
1838
1825
1799
1774
1743
1702
1648
1598
1558
1521
1483
1455
1428
1421
1472
1625
1878
2185
2500
2790
3001
3124
3162
3134
3065
2971
2856
2717
2579
2446
2317
2201
2107
2038
1987
1947
1908
1861
1811
1750
1689
1629
1567
1505
1441
1397
1360
1323
1289
1269
1292
1404
1623
1928
2264
2576
2822
2986
3068
3074
3021
2931
2826
2711
2570
2417
2277
2165
2082
2026
1986
1955
1924
1887
1836
1777
1720
1662
1607
1552
1509
1464
1422
1391
1365
1337
1302
1275
1296
1413
1654
1983
2332
2648
2897
3060
3134
3130
3074
2983
2863
2729
2592
2456
2334
2237
2170
2114
2057
2007
1961
1919
1873
1824
1765
1699
1632
1570
1515
1477
1450
1423
1395
1386
1422
1549
1782
2087
2392
2651
2834
2924
2942
2908
2839
2745
2624
2485
2340
2203
2100
2028
1974
1933
1897
1870
1837
1792
1744
1694
1633
1571
1514
1472
1436
1400
1364
1333
1311
1301
1327
1438
1664
1979
2258
2501
2684
2795
2840
2831
2778
2695
2599
2501
2402
2303
2219
2150
2091
2047
2018
1987
1949
1907
1865
1827
1792
1754
1709
1659
1613
1571
1540
1516
1502
1494
1484
1488
1548
1706
1938
2196
2433
2621
2748
2808
2807
2772
2711
2634
2543
2443
2345
2257
2186
2129
2086
2046
2004
1966
1937
1907
1868
1823
1781
1736
1700
1666
1630
1596
1571
1550
1533
1520
1506
1535
1640
1812
2027
2252
2448
2595
2675
2698
2686
2642
2579
2504
2417
2329
2246
2168
2105
2057
2023
1998
1982
1962
1929
1895
1863
1820
1776
1736
1692
1652
1619
1598
1588
1572
1551
1526
1501
1499
1559
1695
1876
2063
2234
2372
2462
2508
2521
2510
2479
2427
2362
2288
2206
2132
2075
2045
2025
2005
1985
1956
1919
1874
1834
1790
1750
1710
1676
1644
1613
1590
1566
1547
1553
1608
1718
1865
2027
2174
2282
2348
2375
2380
2370
2347
2304
2246
2187
2132
2086
2049
2020
1996
1982
1971
1952
1927
1896
1853
1794
1714
1624
1535
1452
1387
1340
1305
1280
1265
1263
1272
1295
1337
1433
1591
1802
2039
2266
2462
2618
2732
2809
2856
2866
2837
2795
2753
2701
2634
2565
2507
2453
2396
2341
2289
2240
2193
2138
2075
2010
1953
1902
1844
1796
1758
1721
1690
1663
1645
1639
1639
1639
1643
1682
1778
1911
2043
2153
2232
2287
2314
2315
2305
2288
2262
2231
2197
2162
2139
2128
2135
2158
2174
2183
2191
2201
2205
2198
2178
2150
2117
2081
2048
2008
1964
1935
1919
1911
1899
1877
1861
1842
1823
1816
1840
1917
2037
2173
2296
2378
2434
2467
2474
2456
2421
2387
2348
2300
2249
2204
2173
2159
2158
2153
2140
2119
2101
2086
2063
2041
2018
1988
1957
1927
1903
1884
1868
1857
1841
1851
1907
2024
2191
2378
2553
2704
2836
2945
3021
3056
3053
3016
2963
2896
2822
2756
2706
2660
2610
2570
2533
2489
2450
2421
2409
2414
2421
2418
2394
2357
2312
2264
2227
2194
2192
2247
2342
2459
2567
2664
2726
2729
2687
2601
2473
2321
2179
2064
1972
1898
1841
1806
1797
1797
1796
1806
1821
1830
1833
1838
1843
1841
1836
1820
1791
1753
1718
1697
1682
1704
1785
1925
2108
2293
2459
2592
2682
2732
2750
2745
2719
2666
2596
2516
2433
2349
2268
2188
2126
2084
2036
1978
1918
1858
1796
1737
1681
1625
1577
1530
1489
1451
1413
1373
1341
1321
1302
1295
1341
1464
1646
1851
2042
2205
2328
2414
2463
2468
2443
2404
2350
2278
2199
2130
2087
2054
2014
1969
1940
1914
1880
1845
1816
1783
1730
1668
1608
1556
1506
1461
1425
1385
1350
1329
1308
1293
1319
1416
1601
1844
2094
2320
2494
2600
2653
2659
2630
2575
2509
2434
2364
2293
2215
2135
2070
2045
2029
1999
1969
1941
1905
1863
1818
1756
1694
1640
1599
1559
1513
1483
1473
1460
1464
1506
1609
1764
1949
2144
2290
2386
2439
2460
2451
2421
2369
2298
2226
2168
2120
2086
2056
2034
2004
1968
1930
1888
1848
1816
1786
1744
1691
1638
1591
1558
1533
1508
1473
1443
1448
1513
1633
1795
1983
2168
2309
2405
2465
2486
2474
2434
2381
2333
2285
2234
2189
2150
2119
2093
2074
2065
2053
2024
1979
1943
1915
1879
1841
1799
1760
1731
1708
1678
1648
1623
1593
1575
1563
1544
1524
1524
1566
1671
1835
2024
2225
2395
2513
2588
2624
2630
2614
2580
2538
2491
2435
2376
2334
2310
2291
2265
2233
2205
2181
2158
2129
2091
2046
2003
1974
1948
1915
1873
1821
1791
1771
1753
1728
1690
1654
1628
1609
1583
1560
1560
1626
1769
1964
2186
2410
2605
2758
2865
2926
2941
2925
2898
2868
2821
2755
2688
2618
2561
2528
2499
2476
2454
2420
2384
2341
2283
2223
2163
2105
2054
1995
1935
1899
1883
1854
1826
1805
1779
1745
1716
1766
1905
2104
2319
2520
2698
2843
2950
3016
3053
3053
3015
2958
2886
2809
2740
2664
2590
2539
2489
2433
2385
2330
2254
2171
2084
2010
1945
1878
1811
1758
1699
1633
1571
1541
1579
1711
1919
2150
2383
2594
2763
2874
2920
2924
2885
2816
2724
2615
2504
2400
2301
2211
2148
2088
2028
1953
1885
1808
1715
1615
1514
1407
1292
1187
1078
959
826
693
434
313
324
439
623
823
999
1146
1258
1327
1358
1376
1405
1426
1439
1460
1512
1593
1703
1827
1948
2058
2163
2245
2305
2343
2350
2322
2291
2247
2195
2158
2132
2107
2070
2006
1939
1878
1873
1969
2184
2448
2692
2889
3015
3085
3091
3035
2958
2846
2725
2604
2469
2336
2205
2088
1995
1915
1839
1762
1685
1631
1587
1524
1451
1381
1290
1199
1129
1047
971
915
880
875
873
875
879
882
903
928
949
1003
1160
1409
1680
1918
2104
2223
2254
2224
2140
2023
1899
1769
1656
1559
1505
1498
1524
1575
1659
1733
1787
1825
1846
1866
1873
1860
1843
1817
1778
1754
1743
1717
1703
1703
1699
1705
1713
1741
1848
2037
2263
2501
2718
2879
2966
2977
2937
2867
2798
2716
2625
2534
2450
2378
2333
2298
2273
2245
2210
2167
2119
2063
2014
1972
1944
1916
1883
1859
1824
1782
1759
1761
1762
1741
1713
1678
1640
1636
1694
1841
2062
2317
2550
2742
2856
2916
2952
2970
2938
2863
2772
2678
2602
2538
2473
2429
2391
2356
2338
2315
2291
2268
2228
2174
2121
2067
2006
1946
1902
1873
1838
1803
1761
1713
1687
1724
1831
1999
2219
2433
2604
2734
2807
2826
2814
2791
2735
2676
2608
2522
2434
2364
2315
2282
2263
2224
2196
2175
2140
2088
2044
2009
1965
1916
1880
1832
1792
1759
1720
1694
1710
1785
1913
2091
2301
2506
2681
2823
2898
2924
2916
2886
2844
2786
2728
2674
2592
2511
2455
2427
2401
2371
2335
2293
2238
2179
2111
2035
1971
1915
1855
1796
1741
1696
1656
1622
1610
1682
1855
2109
2406
2713
2972
3143
3245
3297
3325
3323
3295
3245
3143
3028
2917
2809
2718
2622
2517
2434
2350
2280
2219
2133
2034
1944
1869
1797
1712
1654
1614
1584
1547
1510
1495
1552
1708
1943
2214
2482
2714
2884
3008
3098
3134
3126
3087
3036
2961
2872
2776
2679
2623
2578
2534
2490
2429
2357
2282
2203
2118
2009
1911
1832
1747
1668
1600
1524
1449
1419
1496
1661
1902
2193
2464
2679
2837
2938
2991
2987
2958
2910
2830
2735
2641
2553
2466
2357
2256
2161
2072
1999
1934
1869
1794
1706
1607
1502
1416
1334
1265
1204
1160
1183
1318
1566
1890
2235
2539
2770
2924
3000
3012
2987
2919
2790
2609
2382
2139
1909
1722
1580
1475
1386
1295
1206
1139
1076
1010
959
912
894
889
901
917
915
908
919
933
947
952
964
978
971
973
1043
1222
1512
1899
2277
2685
3063
3320
3490
3563
3565
3528
3449
3330
3171
3015
2867
2721
2597
2483
2370
2266
2156
2035
1937
1845
1747
1645
1530
1419
1327
1230
1155
1090
1029
977
921
866
826
781
711
667
716
905
1236
1656
2095
2518
2886
3154
3304
3360
3341
3271
3161
3015
2849
2686
2539
2413
2324
2256
2175
2093
2021
1941
1867
1801
1734
1656
1577
1503
1440
1405
1381
1348
1290
1239
1239
1334
1544
1860
2242
2637
2961
3183
3325
3374
3358
3290
3171
3024
2854
2681
2520
2371
2230
2051
1818
1568
1327
1113
938
784
644
530
448
401
389
415
478
585
761
1048
1465
1955
2454
2912
3278
3518
3645
3680
3633
3542
3404
3224
3028
2846
2704
2576
2468
2366
2275
2181
2079
1986
1894
1810
1726
1645
1558
1456
1349
1264
1202
1201
1314
1568
1911
2286
2632
2903
3075
3152
3148
3078
2977
2846
2686
2517
2373
2259
2139
2028
1943
1880
1815
1736
1671
1607
1542
1477
1404
1320
1244
1180
1113
1083
1155
1344
1645
2002
2356
2651
2858
2965
3003
2987
2926
2833
2714
2580
2438
2289
2161
2069
1990
1908
1834
1764
1699
1633
1565
1489
1412
1320
1230
1153
1075
1010
1003
1097
1297
1573
1869
2140
2342
2476
2543
2546
2525
2480
2415
2319
2214
2112
2007
1897
1820
1790
1755
1706
1656
1582
1507
1435
1367
1302
1246
1195
1148
1085
1033
1010
1055
1190
1395
1615
1811
1965
2064
2108
2120
2099
2054
2004
1960
1920
1881
1838
1803
1785
1771
1748
1716
1685
1651
1609
1570
1540
1518
1493
1458
1416
1379
1359
1360
1394
1466
1568
1683
1789
1884
1954
1996
2003
2001
1978
1958
1928
1896
1855
1814
1789
1764
1750
1746
1736
1723
1700
1691
1689
1681
1658
1635
1634
1639
1638
1633
1634
1640
1674
1759
1888
2024
2140
2235
2286
2309
2320
2323
2318
2303
2283
2258
2233
2216
2210
2200
2179
2151
2109
2076
2060
2058
2054
2046
2039
2030
2013
1984
1965
1955
1954
1950
1943
1951
2000
2098
2214
2324
2410
2476
2523
2545
2553
2548
2528
2491
2459
2440
2436
2449
2483
2515
2529
2536
2535
2515
2485
2446
2399
2335
2268
2213
2160
2105
2060
2034
2019
2006
1991
1966
1951
1954
1990
2074
2182
2308
2416
2489
2543
2577
2586
2569
2541
2519
2508
2493
2465
2436
2407
2380
2356
2340
2321
2298
2281
2260
2239
2222
2199
2182
2164
2144
2121
2092
2065
2045
2030
2021
2017
2006
1982
1958
1939
1924
1917
1918
1935
1977
2056
2166
2294
2413
2510
2591
2644
2670
2670
2656
2633
2612
2577
2534
2513
2501
2491
2490
2490
2477
2446
2405
2359
2320
2277
2234
2194
2149
2107
2069
2044
2014
1986
1962
1944
1927
1928
1966
2045
2157
2282
2407
2528
2632
2708
2744
2748
2738
2724
2701
2652
2603
2566
2536
2499
2453
2418
2387
2354
2322
2284
2221
2148
2096
2051
2006
1962
1918
1879
1848
1818
1802
1828
1909
2038
2203
2375
2521
2620
2672
2690
2695
2686
2657
2607
2541
2474
2413
2367
2314
2257
2202
2151
2105
2057
1984
1910
1853
1794
1724
1660
1601
1543
1498
1480
1514
1623
1808
2030
2260
2451
2581
2664
2706
2700
2668
2610
2526
2439
2345
2244
2161
2095
2049
2001
1948
1891
1825
1764
1705
1648
1594
1524
1450
1379
1323
1308
1363
1493
1649
1905
2141
2348
2494
2563
2583
2578
2544
2485
2413
2324
2228
2133
2046
1970
1916
1878
1829
1774
1711
1641
1578
1519
1461
1404
1345
1294
1260
1233
1198
1188
1249
1403
1635
1918
2196
2419
2559
2628
2669
2665
2621
2558
2470
2365
2258
2161
2076
2009
1951
1904
1864
1808
1741
1684
1634
1584
1520
1448
1386
1343
1309
1268
1228
1195
1186
1250
1416
1666
1955
2239
2488
2666
2779
2829
2828
2795
2721
2619
2495
2356
2229
2130
2065
2007
1946
1885
1848
1810
1738
1643
1544
1435
1346
1269
1185
1113
1041
973
915
851
817
879
1071
1405
1838
2303
2734
3056
3253
3334
3325
3262
3164
3033
2875
2704
2534
2391
2275
2175
2105
2030
1943
1873
1801
1712
1610
1512
1411
1313
1229
1155
1085
1029
996
959
924
971
1148
1460
1873
2321
2742
3056
3246
3329
3339
3285
3175
3031
2875
2711
2539
2378
2247
2135
2067
2009
1948
1890
1839
1771
1699
1619
1519
1430
1360
1276
1192
1103
1015
978
1038
1250
1593
2014
2450
2835
3122
3297
3364
3355
3301
3204
3061
2891
2707
2527
2377
2261
2181
2111
2032
1943
1852
1762
1685
1617
1551
1482
1421
1341
1246
1141
1043
978
1001
1173
1502
1948
2415
2828
3140
3346
3451
3462
3400
3306
3162
2982
2786
2594
2436
2315
2216
2114
2012
1918
1842
1774
1690
1586
1464
1354
1262
1174
1086
1010
974
1052
1326
1734
2202
2668
3036
3276
3388
3384
3302
3178
3012
2818
2618
2432
2250
2084
1966
1878
1812
1752
1678
1594
1490
1362
1228
1098
970
844
732
652
656
820
1172
1636
2114
2558
2912
3124
3220
3234
3166
3028
2856
2692
2552
2424
2302
2202
2112
2034
1964
1892
1822
1730
1626
1532
1448
1348
1230
1108
986
908
916
1070
1388
1822
2282
2672
2958
3142
3214
3200
3132
3040
2910
2752
2588
2410
2244
2100
1978
1886
1824
1768
1698
1620
1562
1512
1454
1404
1344
1262
1180
1086
1000
954
1016
1220
1564
1988
2400
2760
3026
3144
3144
3094
3018
2908
2772
2630
2480
2312
2150
2026
1934
1860
1790
1738
1682
1626
1552
1442
1338
1264
1194
1116
1042
982
914
876
892
1004
1248
1608
2010
2392
2700
2914
3026
3070
3058
2992
2908
2788
2642
2490
2348
2236
2154
2092
2038
1972
1900
1836
1762
1670
1568
1484
1432
1380
1314
1250
1184
1120
1060
1034
1112
1328
1654
2050
2432
2752
3008
3192
3284
3308
3280
3230
3140
3008
2836
2680
2538
2424
2342
2258
2170
2080
1984
1886
1792
1692
1602
1522
1448
1384
1308
1232
1176
1204
1372
1646
2000
2364
2692
2942
3108
3184
3178
3128
3032
2890
2730
2578
2448
2322
2214
2124
2066
2010
1952
1910
1866
1808
1718
1612
1510
1426
1344
1280
1236
1180
1130
1166
1344
1646
2048
2468
2842
3126
3312
3396
3382
3296
3174
3026
2856
2672
2518
2388
2284
2204
2124
2036
1942
1854
1766
1674
1578
1474
1378
1302
1234
1160
1082
1032
982
930
960
1140
1472
1896
2362
2800
3160
3412
3544
3588
3550
3442
3296
3128
2944
2746
2554
2398
2278
2186
2092
2008
1928
1850
1764
1674
1586
1486
1382
1290
1216
1150
1082
1002
922
900
978
1204
1578
2034
2506
2936
3300
3548
3664
3656
3562
3402
3196
2960
2730
2526
2368
2256
2170
2102
2046
1972
1888
1804
1716
1626
1528
1418
1320
1232
1152
1082
1004
926
886
944
1170
1556
2038
2546
3004
3346
3558
3662
3652
3562
3426
3256
3074
2882
2664
2480
2330
2210
2114
2026
1942
1864
1784
1704
1638
1566
1460
1342
1250
1162
1080
996
928
978
1206
1608
2106
2598